Frame,Chain,Mg,Sod,Total
0,1,0,2
0,2,0,0
1,1,0,1
1,2,0,0
2,1,0,0
2,2,0,0
3,1,0,0
3,2,0,1
4,1,0,0
4,2,0,0
5,1,0,2
5,2,0,1
6,1,0,1
6,2,0,1
7,1,0,1
7,2,0,3
8,1,0,1
8,2,0,2
9,1,0,2
9,2,0,1
10,1,0,2
10,2,0,1
11,1,0,1
11,2,0,1
12,1,0,2
12,2,0,0
13,1,0,1
13,2,0,0
14,1,0,1
14,2,0,0
15,1,0,2
15,2,0,1
16,1,0,2
16,2,0,1
17,1,0,1
17,2,0,1
18,1,0,0
18,2,0,0
19,1,0,0
19,2,0,1
20,1,0,0
20,2,0,0
21,1,0,0
21,2,0,1
22,1,0,0
22,2,0,1
23,1,0,0
23,2,0,1
24,1,0,2
24,2,0,0
25,1,0,1
25,2,0,0
26,1,0,1
26,2,0,0
27,1,0,2
27,2,0,0
28,1,0,1
28,2,0,0
29,1,0,0
29,2,0,1
30,1,0,0
30,2,0,0
31,1,0,0
31,2,0,3
32,1,0,0
32,2,0,0
33,1,0,0
33,2,0,3
34,1,0,0
34,2,0,0
35,1,0,0
35,2,0,0
36,1,0,0
36,2,0,1
37,1,0,0
37,2,0,1
38,1,0,0
38,2,0,0
39,1,0,0
39,2,0,1
40,1,0,0
40,2,0,0
41,1,0,0
41,2,0,1
42,1,0,0
42,2,0,0
43,1,0,1
43,2,0,0
44,1,0,1
44,2,0,0
45,1,0,1
45,2,0,0
46,1,0,0
46,2,0,1
47,1,0,0
47,2,0,0
48,1,0,0
48,2,0,0
49,1,0,0
49,2,0,1
50,1,0,1
50,2,0,0
51,1,0,0
51,2,0,0
52,1,0,0
52,2,0,0
53,1,0,0
53,2,0,0
54,1,0,0
54,2,0,1
55,1,0,0
55,2,0,1
56,1,0,0
56,2,0,0
57,1,0,2
57,2,0,2
58,1,0,1
58,2,0,2
59,1,0,0
59,2,0,1
60,1,0,0
60,2,0,0
61,1,0,0
61,2,0,0
62,1,0,0
62,2,0,1
63,1,0,0
63,2,0,0
64,1,0,0
64,2,0,0
65,1,0,1
65,2,0,0
66,1,0,0
66,2,0,1
67,1,0,0
67,2,0,0
68,1,0,0
68,2,0,1
69,1,0,0
69,2,0,0
70,1,0,0
70,2,0,0
71,1,0,0
71,2,0,0
72,1,0,0
72,2,0,0
73,1,0,0
73,2,0,1
74,1,0,0
74,2,0,0
75,1,0,0
75,2,0,0
76,1,0,0
76,2,0,0
77,1,0,0
77,2,0,0
78,1,0,1
78,2,0,0
79,1,0,0
79,2,0,0
80,1,0,2
80,2,0,0
81,1,0,0
81,2,0,2
82,1,0,0
82,2,0,0
83,1,0,1
83,2,0,0
84,1,0,0
84,2,0,0
85,1,0,1
85,2,0,0
86,1,0,1
86,2,0,1
87,1,0,0
87,2,0,0
88,1,0,0
88,2,0,0
89,1,0,1
89,2,0,1
90,1,0,1
90,2,0,0
91,1,0,0
91,2,0,1
92,1,0,0
92,2,0,0
93,1,0,0
93,2,0,1
94,1,0,1
94,2,0,1
95,1,0,0
95,2,0,0
96,1,0,1
96,2,0,0
97,1,0,0
97,2,0,0
98,1,0,0
98,2,0,0
99,1,0,0
99,2,0,0
100,1,0,0
100,2,0,1
101,1,0,0
101,2,0,0
102,1,0,0
102,2,0,1
103,1,0,0
103,2,0,1
104,1,0,0
104,2,0,1
105,1,0,0
105,2,0,2
106,1,0,0
106,2,0,1
107,1,0,0
107,2,0,0
108,1,0,0
108,2,0,0
109,1,0,0
109,2,0,0
110,1,0,0
110,2,0,0
111,1,0,1
111,2,0,0
112,1,0,0
112,2,0,0
113,1,0,0
113,2,0,1
114,1,0,0
114,2,0,0
115,1,0,0
115,2,0,0
116,1,0,0
116,2,0,0
117,1,0,0
117,2,0,0
118,1,0,0
118,2,0,0
119,1,0,0
119,2,0,0
120,1,0,0
120,2,0,0
121,1,0,0
121,2,0,0
122,1,0,0
122,2,0,1
123,1,0,0
123,2,0,0
124,1,0,0
124,2,0,0
125,1,0,0
125,2,0,0
126,1,0,0
126,2,0,0
127,1,0,0
127,2,0,1
128,1,0,0
128,2,0,0
129,1,0,0
129,2,0,0
130,1,0,1
130,2,0,0
131,1,0,0
131,2,0,0
132,1,0,0
132,2,0,0
133,1,0,0
133,2,0,0
134,1,0,0
134,2,0,0
135,1,0,1
135,2,0,0
136,1,0,0
136,2,0,0
137,1,0,0
137,2,0,0
138,1,0,0
138,2,0,0
139,1,0,0
139,2,0,0
140,1,0,0
140,2,1,0
141,1,0,0
141,2,0,0
142,1,0,0
142,2,0,0
143,1,0,1
143,2,0,0
144,1,0,0
144,2,0,1
145,1,0,0
145,2,0,0
146,1,0,0
146,2,0,0
147,1,0,0
147,2,0,0
148,1,0,0
148,2,0,0
149,1,0,1
149,2,0,0
150,1,0,0
150,2,0,1
151,1,0,2
151,2,0,1
152,1,0,0
152,2,0,1
153,1,0,0
153,2,0,0
154,1,0,1
154,2,0,0
155,1,0,1
155,2,0,0
156,1,0,0
156,2,0,0
157,1,0,0
157,2,0,0
158,1,0,0
158,2,0,0
159,1,0,0
159,2,0,0
160,1,0,0
160,2,0,0
161,1,0,0
161,2,0,0
162,1,0,0
162,2,0,0
163,1,0,0
163,2,0,0
164,1,0,0
164,2,0,0
165,1,0,0
165,2,0,1
166,1,0,1
166,2,0,1
167,1,0,1
167,2,0,1
168,1,0,1
168,2,0,1
169,1,0,2
169,2,0,0
170,1,0,0
170,2,0,1
171,1,0,0
171,2,0,3
172,1,0,0
172,2,0,1
173,1,0,0
173,2,0,2
174,1,0,0
174,2,0,1
175,1,0,1
175,2,0,0
176,1,0,1
176,2,0,0
177,1,0,0
177,2,0,0
178,1,0,0
178,2,0,1
179,1,0,0
179,2,0,1
180,1,0,0
180,2,0,1
181,1,0,0
181,2,0,0
182,1,0,0
182,2,0,0
183,1,0,0
183,2,0,0
184,1,0,0
184,2,0,1
185,1,0,1
185,2,0,0
186,1,0,0
186,2,0,1
187,1,0,0
187,2,0,1
188,1,0,1
188,2,0,0
189,1,0,1
189,2,0,0
190,1,0,1
190,2,0,0
191,1,0,2
191,2,0,0
192,1,0,0
192,2,0,1
193,1,0,0
193,2,0,0
194,1,0,0
194,2,0,1
195,1,0,0
195,2,0,1
196,1,0,1
196,2,0,1
197,1,0,0
197,2,0,0
198,1,0,1
198,2,0,0
199,1,0,0
199,2,0,1
200,1,0,0
200,2,0,0
201,1,0,0
201,2,0,0
202,1,0,0
202,2,0,1
203,1,0,0
203,2,0,2
204,1,0,1
204,2,0,0
205,1,0,2
205,2,0,1
206,1,0,0
206,2,0,0
207,1,0,0
207,2,0,0
208,1,0,0
208,2,0,0
209,1,0,1
209,2,0,0
210,1,0,1
210,2,0,0
211,1,0,0
211,2,0,0
212,1,0,0
212,2,0,0
213,1,0,0
213,2,0,0
214,1,0,0
214,2,0,0
215,1,0,0
215,2,0,0
216,1,0,1
216,2,0,0
217,1,0,1
217,2,0,0
218,1,0,0
218,2,0,0
219,1,0,0
219,2,0,0
220,1,0,0
220,2,0,0
221,1,0,0
221,2,0,1
222,1,0,0
222,2,0,1
223,1,0,0
223,2,0,0
224,1,0,0
224,2,0,0
225,1,0,0
225,2,0,0
226,1,0,0
226,2,0,0
227,1,0,0
227,2,0,0
228,1,0,0
228,2,0,0
229,1,0,1
229,2,0,1
230,1,0,0
230,2,0,1
231,1,0,0
231,2,0,1
232,1,0,0
232,2,0,1
233,1,0,0
233,2,0,0
234,1,0,0
234,2,0,1
235,1,0,1
235,2,0,1
236,1,0,0
236,2,0,0
237,1,0,0
237,2,0,0
238,1,0,0
238,2,0,1
239,1,0,0
239,2,0,0
240,1,0,0
240,2,0,0
241,1,0,0
241,2,0,0
242,1,0,0
242,2,0,1
243,1,0,1
243,2,0,0
244,1,0,1
244,2,0,0
245,1,0,0
245,2,0,2
246,1,0,0
246,2,0,0
247,1,0,0
247,2,0,1
248,1,0,0
248,2,0,0
249,1,0,0
249,2,0,0
250,1,0,1
250,2,0,0
251,1,0,1
251,2,0,0
252,1,0,0
252,2,0,2
253,1,0,1
253,2,0,0
254,1,0,0
254,2,0,0
255,1,0,0
255,2,0,1
256,1,0,0
256,2,0,0
257,1,0,0
257,2,0,0
258,1,0,0
258,2,0,0
259,1,0,0
259,2,0,0
260,1,0,0
260,2,0,0
261,1,0,0
261,2,0,0
262,1,0,0
262,2,0,0
263,1,0,0
263,2,0,0
264,1,0,0
264,2,0,2
265,1,0,0
265,2,0,0
266,1,0,0
266,2,0,0
267,1,0,0
267,2,0,0
268,1,0,0
268,2,0,0
269,1,0,0
269,2,0,1
270,1,0,0
270,2,0,0
271,1,0,0
271,2,0,0
272,1,0,0
272,2,0,0
273,1,0,0
273,2,0,0
274,1,0,0
274,2,0,0
275,1,0,0
275,2,0,1
276,1,0,1
276,2,0,0
277,1,0,0
277,2,0,0
278,1,0,0
278,2,0,0
279,1,0,0
279,2,0,1
280,1,0,0
280,2,0,0
281,1,0,0
281,2,0,0
282,1,0,0
282,2,0,0
283,1,0,0
283,2,0,0
284,1,0,0
284,2,0,0
285,1,0,0
285,2,0,0
286,1,0,0
286,2,0,0
287,1,0,0
287,2,0,0
288,1,0,0
288,2,0,0
289,1,0,0
289,2,0,0
290,1,0,0
290,2,0,0
291,1,0,0
291,2,0,0
292,1,0,1
292,2,0,1
293,1,0,0
293,2,0,0
294,1,0,0
294,2,0,2
295,1,0,0
295,2,0,0
296,1,0,0
296,2,0,0
297,1,0,0
297,2,0,0
298,1,0,0
298,2,0,0
299,1,0,0
299,2,0,0
300,1,0,0
300,2,0,1
301,1,0,0
301,2,0,0
302,1,0,1
302,2,0,0
303,1,0,0
303,2,0,0
304,1,0,0
304,2,0,0
305,1,0,1
305,2,0,0
306,1,0,1
306,2,0,0
307,1,0,0
307,2,0,0
308,1,0,1
308,2,0,1
309,1,0,0
309,2,0,0
310,1,0,0
310,2,0,0
311,1,0,0
311,2,0,0
312,1,0,0
312,2,0,0
313,1,0,1
313,2,0,0
314,1,0,1
314,2,0,0
315,1,0,1
315,2,0,0
316,1,0,2
316,2,0,0
317,1,0,1
317,2,0,1
318,1,0,1
318,2,0,0
319,1,0,1
319,2,0,0
320,1,0,1
320,2,0,0
321,1,0,0
321,2,0,0
322,1,0,0
322,2,0,1
323,1,0,0
323,2,0,1
324,1,0,0
324,2,0,0
325,1,0,1
325,2,0,0
326,1,0,0
326,2,0,0
327,1,0,0
327,2,0,0
328,1,0,0
328,2,0,1
329,1,0,0
329,2,0,1
330,1,0,0
330,2,0,1
331,1,0,0
331,2,0,2
332,1,0,0
332,2,0,1
333,1,0,0
333,2,0,2
334,1,0,0
334,2,0,1
335,1,0,0
335,2,0,1
336,1,0,1
336,2,0,1
337,1,0,0
337,2,0,1
338,1,0,1
338,2,0,2
339,1,0,1
339,2,0,1
340,1,0,0
340,2,0,2
341,1,0,1
341,2,0,1
342,1,0,0
342,2,0,1
343,1,0,0
343,2,0,1
344,1,0,0
344,2,0,1
345,1,0,0
345,2,0,1
346,1,0,0
346,2,0,2
347,1,0,0
347,2,0,3
348,1,0,0
348,2,0,1
349,1,0,0
349,2,0,1
350,1,0,1
350,2,0,1
351,1,0,1
351,2,0,0
352,1,0,2
352,2,0,0
353,1,0,0
353,2,0,0
354,1,0,0
354,2,0,0
355,1,0,0
355,2,0,0
356,1,0,0
356,2,0,0
357,1,0,0
357,2,0,0
358,1,0,0
358,2,0,0
359,1,0,0
359,2,0,1
360,1,0,0
360,2,0,1
361,1,0,1
361,2,0,0
362,1,0,0
362,2,0,0
363,1,0,1
363,2,0,0
364,1,0,2
364,2,0,0
365,1,0,1
365,2,0,0
366,1,0,1
366,2,0,1
367,1,0,1
367,2,0,0
368,1,0,1
368,2,0,0
369,1,0,1
369,2,0,0
370,1,0,1
370,2,0,1
371,1,0,1
371,2,0,0
372,1,0,2
372,2,0,0
373,1,0,2
373,2,0,1
374,1,0,0
374,2,0,1
375,1,0,1
375,2,0,2
376,1,0,0
376,2,0,0
377,1,0,1
377,2,0,0
378,1,0,0
378,2,0,0
379,1,0,1
379,2,0,0
380,1,0,0
380,2,0,0
381,1,0,0
381,2,0,0
382,1,0,1
382,2,0,0
383,1,0,0
383,2,0,0
384,1,0,0
384,2,0,0
385,1,0,1
385,2,0,0
386,1,0,1
386,2,0,0
387,1,0,0
387,2,0,0
388,1,0,0
388,2,0,0
389,1,0,1
389,2,0,1
390,1,0,1
390,2,0,0
391,1,0,0
391,2,0,0
392,1,0,0
392,2,0,0
393,1,0,2
393,2,0,0
394,1,0,0
394,2,0,0
395,1,0,0
395,2,0,0
396,1,0,0
396,2,0,0
397,1,0,0
397,2,0,0
398,1,0,1
398,2,0,0
399,1,0,0
399,2,0,0
400,1,0,1
400,2,0,0
401,1,0,0
401,2,0,0
402,1,0,0
402,2,0,1
403,1,0,0
403,2,0,0
404,1,0,0
404,2,0,0
405,1,0,0
405,2,0,1
406,1,0,0
406,2,0,1
407,1,0,0
407,2,0,0
408,1,0,0
408,2,0,0
409,1,0,0
409,2,0,0
410,1,0,1
410,2,0,0
411,1,0,0
411,2,0,0
412,1,0,0
412,2,0,1
413,1,0,0
413,2,0,0
414,1,0,0
414,2,0,2
415,1,0,0
415,2,0,1
416,1,0,0
416,2,0,1
417,1,0,0
417,2,0,0
418,1,0,0
418,2,0,0
419,1,0,0
419,2,0,1
420,1,0,0
420,2,0,1
421,1,0,0
421,2,0,0
422,1,0,1
422,2,0,1
423,1,0,0
423,2,0,0
424,1,0,0
424,2,0,0
425,1,0,0
425,2,0,0
426,1,0,0
426,2,0,0
427,1,0,0
427,2,0,0
428,1,0,1
428,2,0,0
429,1,0,0
429,2,0,1
430,1,0,1
430,2,0,0
431,1,0,0
431,2,0,0
432,1,0,0
432,2,0,0
433,1,0,0
433,2,0,0
434,1,0,0
434,2,0,1
435,1,0,0
435,2,0,1
436,1,0,0
436,2,0,2
437,1,0,0
437,2,0,1
438,1,0,0
438,2,0,3
439,1,0,0
439,2,0,1
440,1,0,0
440,2,0,0
441,1,0,0
441,2,0,1
442,1,0,0
442,2,0,1
443,1,0,0
443,2,0,0
444,1,0,0
444,2,0,0
445,1,0,0
445,2,0,2
446,1,0,1
446,2,0,0
447,1,0,0
447,2,0,1
448,1,0,1
448,2,0,1
449,1,0,0
449,2,0,1
450,1,0,1
450,2,0,0
451,1,0,1
451,2,0,0
452,1,0,0
452,2,0,0
453,1,0,0
453,2,0,0
454,1,0,0
454,2,0,0
455,1,0,0
455,2,0,1
456,1,0,0
456,2,0,1
457,1,0,0
457,2,0,1
458,1,0,0
458,2,0,0
459,1,0,0
459,2,0,1
460,1,0,0
460,2,0,2
461,1,0,0
461,2,0,0
462,1,0,0
462,2,0,1
463,1,0,0
463,2,0,2
464,1,0,0
464,2,0,0
465,1,0,0
465,2,0,0
466,1,0,1
466,2,0,1
467,1,0,1
467,2,0,0
468,1,0,0
468,2,0,1
469,1,0,1
469,2,0,0
470,1,0,0
470,2,0,0
471,1,0,1
471,2,0,1
472,1,0,0
472,2,0,0
473,1,0,0
473,2,0,1
474,1,0,1
474,2,0,0
475,1,0,0
475,2,0,0
476,1,0,0
476,2,0,0
477,1,0,1
477,2,0,0
478,1,0,1
478,2,0,1
479,1,0,1
479,2,0,1
480,1,0,0
480,2,0,0
481,1,0,0
481,2,0,0
482,1,0,1
482,2,0,0
483,1,0,0
483,2,0,2
484,1,0,0
484,2,0,1
485,1,0,0
485,2,0,1
486,1,0,0
486,2,0,0
487,1,0,0
487,2,0,0
488,1,0,1
488,2,0,0
489,1,0,1
489,2,0,0
490,1,0,1
490,2,0,1
491,1,0,0
491,2,0,1
492,1,0,0
492,2,0,0
493,1,0,0
493,2,0,0
494,1,0,0
494,2,0,0
495,1,0,0
495,2,0,0
496,1,0,0
496,2,0,0
497,1,0,0
497,2,0,0
498,1,0,0
498,2,0,0
499,1,0,1
499,2,0,0
500,1,0,0
500,2,0,0
501,1,0,0
501,2,0,1
502,1,0,1
502,2,0,1
503,1,0,0
503,2,0,0
504,1,0,0
504,2,0,1
505,1,0,0
505,2,0,0
506,1,0,0
506,2,0,0
507,1,0,0
507,2,0,0
508,1,0,0
508,2,0,0
509,1,0,0
509,2,0,0
510,1,0,0
510,2,0,0
511,1,0,1
511,2,0,0
512,1,0,0
512,2,0,0
513,1,0,0
513,2,0,1
514,1,0,0
514,2,0,0
515,1,0,2
515,2,0,1
516,1,0,2
516,2,0,0
517,1,0,1
517,2,0,1
518,1,0,0
518,2,0,0
519,1,0,0
519,2,0,1
520,1,0,0
520,2,0,0
521,1,0,0
521,2,0,2
522,1,0,0
522,2,0,0
523,1,0,0
523,2,0,0
524,1,0,0
524,2,0,0
525,1,0,1
525,2,0,0
526,1,0,0
526,2,0,0
527,1,0,0
527,2,0,1
528,1,0,0
528,2,1,0
529,1,0,0
529,2,0,0
530,1,0,0
530,2,0,0
531,1,0,0
531,2,0,0
532,1,0,0
532,2,0,1
533,1,0,0
533,2,0,0
534,1,0,0
534,2,0,0
535,1,0,0
535,2,0,0
536,1,0,1
536,2,0,0
537,1,0,0
537,2,0,1
538,1,0,0
538,2,0,1
539,1,0,0
539,2,0,0
540,1,0,0
540,2,0,0
541,1,0,0
541,2,0,0
542,1,0,0
542,2,0,0
543,1,0,0
543,2,0,0
544,1,0,0
544,2,0,0
545,1,0,0
545,2,0,1
546,1,0,1
546,2,0,0
547,1,0,0
547,2,0,0
548,1,0,0
548,2,0,0
549,1,0,1
549,2,0,0
550,1,0,0
550,2,0,0
551,1,0,0
551,2,0,0
552,1,0,0
552,2,0,1
553,1,0,0
553,2,0,0
554,1,0,0
554,2,0,0
555,1,0,0
555,2,0,0
556,1,0,0
556,2,0,0
557,1,0,0
557,2,0,0
558,1,0,1
558,2,0,0
559,1,0,0
559,2,0,1
560,1,0,0
560,2,0,1
561,1,0,0
561,2,0,0
562,1,0,0
562,2,0,0
563,1,0,0
563,2,0,1
564,1,0,0
564,2,0,0
565,1,0,0
565,2,0,1
566,1,0,0
566,2,0,0
567,1,0,0
567,2,0,0
568,1,0,0
568,2,0,0
569,1,0,0
569,2,0,0
570,1,0,0
570,2,0,0
571,1,0,0
571,2,0,0
572,1,0,1
572,2,0,0
573,1,0,0
573,2,0,0
574,1,0,0
574,2,0,0
575,1,0,0
575,2,0,0
576,1,0,0
576,2,0,1
577,1,0,0
577,2,0,1
578,1,0,0
578,2,0,0
579,1,0,0
579,2,0,0
580,1,0,0
580,2,0,0
581,1,0,1
581,2,0,1
582,1,0,0
582,2,0,0
583,1,0,0
583,2,0,0
584,1,0,0
584,2,0,0
585,1,0,0
585,2,0,0
586,1,0,1
586,2,0,1
587,1,0,0
587,2,0,0
588,1,0,2
588,2,0,0
589,1,0,0
589,2,0,0
590,1,0,0
590,2,0,0
591,1,0,0
591,2,0,0
592,1,0,0
592,2,0,0
593,1,0,0
593,2,0,1
594,1,0,1
594,2,0,1
595,1,0,2
595,2,0,0
596,1,0,0
596,2,0,0
597,1,0,0
597,2,0,0
598,1,0,0
598,2,0,0
599,1,0,0
599,2,0,1
600,1,0,0
600,2,0,0
601,1,0,1
601,2,0,1
602,1,0,0
602,2,0,1
603,1,0,0
603,2,0,0
604,1,0,0
604,2,0,0
605,1,0,0
605,2,0,0
606,1,0,0
606,2,0,1
607,1,0,0
607,2,0,1
608,1,0,0
608,2,0,0
609,1,0,0
609,2,0,0
610,1,0,0
610,2,0,0
611,1,0,1
611,2,0,0
612,1,0,0
612,2,0,0
613,1,0,0
613,2,0,0
614,1,0,0
614,2,0,0
615,1,0,0
615,2,0,0
616,1,0,0
616,2,0,0
617,1,0,0
617,2,0,0
618,1,1,0
618,2,0,0
619,1,0,0
619,2,0,0
620,1,0,1
620,2,0,0
621,1,0,1
621,2,0,0
622,1,0,1
622,2,0,1
623,1,0,1
623,2,0,0
624,1,0,2
624,2,0,0
625,1,0,1
625,2,0,2
626,1,0,1
626,2,0,1
627,1,0,1
627,2,0,0
628,1,0,2
628,2,0,0
629,1,0,1
629,2,0,1
630,1,0,1
630,2,0,1
631,1,0,1
631,2,0,0
632,1,0,1
632,2,0,0
633,1,0,1
633,2,0,0
634,1,0,3
634,2,0,0
635,1,0,1
635,2,0,0
636,1,0,1
636,2,0,0
637,1,0,1
637,2,0,0
638,1,0,2
638,2,0,1
639,1,0,1
639,2,0,0
640,1,0,1
640,2,0,2
641,1,0,1
641,2,0,0
642,1,0,1
642,2,0,0
643,1,0,1
643,2,0,1
644,1,0,1
644,2,0,1
645,1,0,2
645,2,0,0
646,1,0,1
646,2,0,2
647,1,0,1
647,2,0,0
648,1,0,2
648,2,0,1
649,1,0,1
649,2,0,0
650,1,0,1
650,2,0,0
651,1,0,1
651,2,0,1
652,1,0,1
652,2,0,0
653,1,0,1
653,2,0,0
654,1,0,1
654,2,0,0
655,1,0,1
655,2,0,0
656,1,0,2
656,2,0,0
657,1,0,1
657,2,0,0
658,1,0,1
658,2,0,0
659,1,0,1
659,2,0,0
660,1,0,1
660,2,0,0
661,1,0,1
661,2,0,0
662,1,0,2
662,2,0,1
663,1,0,1
663,2,0,2
664,1,0,1
664,2,0,2
665,1,0,1
665,2,0,1
666,1,0,1
666,2,0,1
667,1,0,2
667,2,0,1
668,1,0,2
668,2,0,1
669,1,0,1
669,2,0,1
670,1,0,1
670,2,0,2
671,1,0,2
671,2,0,0
672,1,0,1
672,2,0,0
673,1,0,2
673,2,0,0
674,1,0,2
674,2,0,0
675,1,0,2
675,2,0,0
676,1,0,3
676,2,0,0
677,1,0,0
677,2,0,0
678,1,0,2
678,2,0,0
679,1,0,1
679,2,0,1
680,1,0,1
680,2,0,0
681,1,0,1
681,2,0,0
682,1,0,1
682,2,0,0
683,1,0,2
683,2,0,0
684,1,0,2
684,2,0,0
685,1,0,2
685,2,0,0
686,1,0,2
686,2,0,1
687,1,0,3
687,2,0,0
688,1,0,2
688,2,0,0
689,1,0,2
689,2,0,0
690,1,0,1
690,2,0,0
691,1,0,1
691,2,0,0
692,1,0,2
692,2,0,0
693,1,0,2
693,2,0,0
694,1,0,2
694,2,0,0
695,1,0,2
695,2,0,0
696,1,0,2
696,2,0,1
697,1,0,2
697,2,0,0
698,1,0,3
698,2,0,0
699,1,0,2
699,2,0,1
700,1,0,2
700,2,0,0
701,1,0,2
701,2,0,0
702,1,0,3
702,2,0,0
703,1,0,1
703,2,0,0
704,1,0,1
704,2,0,0
705,1,0,1
705,2,0,0
706,1,0,0
706,2,0,0
707,1,0,0
707,2,0,0
708,1,0,0
708,2,0,0
709,1,0,0
709,2,0,0
710,1,0,1
710,2,0,0
711,1,0,1
711,2,0,1
712,1,0,1
712,2,0,1
713,1,0,0
713,2,0,1
714,1,0,0
714,2,0,1
715,1,0,1
715,2,0,0
716,1,0,1
716,2,0,1
717,1,0,0
717,2,0,0
718,1,0,1
718,2,0,1
719,1,0,0
719,2,0,0
720,1,0,0
720,2,0,0
721,1,0,1
721,2,0,0
722,1,0,0
722,2,0,0
723,1,0,1
723,2,0,0
724,1,0,0
724,2,0,0
725,1,0,0
725,2,0,0
726,1,0,0
726,2,0,0
727,1,0,0
727,2,0,0
728,1,0,1
728,2,0,1
729,1,0,0
729,2,0,0
730,1,0,0
730,2,0,0
731,1,0,0
731,2,0,0
732,1,0,1
732,2,0,0
733,1,0,0
733,2,0,0
734,1,0,1
734,2,0,0
735,1,0,1
735,2,0,0
736,1,0,0
736,2,0,0
737,1,0,0
737,2,0,1
738,1,0,1
738,2,0,0
739,1,0,0
739,2,0,0
740,1,0,0
740,2,0,1
741,1,0,0
741,2,0,1
742,1,0,0
742,2,0,0
743,1,0,1
743,2,0,0
744,1,0,1
744,2,0,0
745,1,0,0
745,2,0,1
746,1,0,0
746,2,0,0
747,1,0,1
747,2,0,0
748,1,0,0
748,2,0,0
749,1,0,1
749,2,0,0
750,1,0,0
750,2,0,1
751,1,0,0
751,2,0,0
752,1,0,1
752,2,0,0
753,1,0,1
753,2,0,0
754,1,0,1
754,2,0,0
755,1,0,1
755,2,0,0
756,1,0,1
756,2,0,3
757,1,0,0
757,2,0,0
758,1,0,1
758,2,0,0
759,1,0,0
759,2,0,0
760,1,0,0
760,2,0,0
761,1,0,0
761,2,0,0
762,1,0,0
762,2,0,0
763,1,0,0
763,2,0,0
764,1,0,0
764,2,0,0
765,1,0,0
765,2,0,0
766,1,0,2
766,2,0,0
767,1,0,1
767,2,0,0
768,1,0,0
768,2,0,1
769,1,0,1
769,2,0,1
770,1,0,0
770,2,0,0
771,1,0,0
771,2,0,0
772,1,0,0
772,2,0,0
773,1,0,0
773,2,0,0
774,1,0,0
774,2,0,0
775,1,0,0
775,2,0,0
776,1,0,0
776,2,0,0
777,1,0,0
777,2,0,0
778,1,0,0
778,2,0,0
779,1,0,0
779,2,0,0
780,1,0,1
780,2,0,0
781,1,0,2
781,2,0,0
782,1,0,1
782,2,0,0
783,1,0,1
783,2,0,1
784,1,0,0
784,2,0,0
785,1,0,1
785,2,0,0
786,1,0,0
786,2,0,0
787,1,0,0
787,2,0,0
788,1,0,0
788,2,0,0
789,1,0,0
789,2,0,1
790,1,0,0
790,2,0,1
791,1,0,1
791,2,0,0
792,1,0,2
792,2,0,0
793,1,0,1
793,2,0,0
794,1,0,0
794,2,0,0
795,1,0,1
795,2,0,1
796,1,0,0
796,2,0,1
797,1,0,0
797,2,0,1
798,1,0,0
798,2,0,0
799,1,0,1
799,2,0,0
800,1,0,2
800,2,0,0
801,1,0,1
801,2,0,0
802,1,0,0
802,2,0,0
803,1,0,0
803,2,0,0
804,1,0,1
804,2,0,0
805,1,0,2
805,2,0,0
806,1,0,0
806,2,0,0
807,1,0,1
807,2,0,0
808,1,0,1
808,2,0,0
809,1,0,0
809,2,0,0
810,1,0,0
810,2,0,1
811,1,0,0
811,2,0,0
812,1,0,0
812,2,0,0
813,1,0,2
813,2,0,0
814,1,0,0
814,2,0,0
815,1,0,0
815,2,0,0
816,1,0,0
816,2,0,0
817,1,0,0
817,2,0,0
818,1,0,0
818,2,0,0
819,1,0,0
819,2,0,0
820,1,0,0
820,2,0,1
821,1,0,0
821,2,0,0
822,1,0,0
822,2,0,1
823,1,0,1
823,2,0,0
824,1,0,0
824,2,0,1
825,1,0,2
825,2,0,0
826,1,0,0
826,2,0,0
827,1,0,0
827,2,0,0
828,1,0,1
828,2,0,0
829,1,0,0
829,2,0,0
830,1,0,1
830,2,0,0
831,1,0,1
831,2,0,0
832,1,0,1
832,2,0,0
833,1,0,0
833,2,0,1
834,1,0,0
834,2,0,0
835,1,0,0
835,2,0,0
836,1,0,1
836,2,0,0
837,1,0,0
837,2,0,0
838,1,0,0
838,2,0,0
839,1,0,0
839,2,0,0
840,1,0,0
840,2,0,0
841,1,0,0
841,2,0,0
842,1,0,0
842,2,0,1
843,1,0,0
843,2,0,1
844,1,0,0
844,2,0,0
845,1,0,0
845,2,0,0
846,1,0,2
846,2,0,1
847,1,0,0
847,2,0,0
848,1,0,0
848,2,0,1
849,1,0,1
849,2,0,0
850,1,0,2
850,2,0,0
851,1,0,0
851,2,0,2
852,1,0,1
852,2,0,0
853,1,0,1
853,2,0,0
854,1,0,0
854,2,0,0
855,1,0,1
855,2,0,0
856,1,0,1
856,2,0,0
857,1,0,1
857,2,0,0
858,1,0,0
858,2,0,0
859,1,0,1
859,2,0,0
860,1,0,0
860,2,0,1
861,1,0,1
861,2,0,0
862,1,0,0
862,2,0,3
863,1,0,0
863,2,0,0
864,1,0,0
864,2,0,1
865,1,0,0
865,2,0,0
866,1,0,0
866,2,0,1
867,1,0,0
867,2,0,1
868,1,0,0
868,2,0,0
869,1,0,0
869,2,0,0
870,1,0,0
870,2,0,0
871,1,0,0
871,2,0,0
872,1,0,0
872,2,0,0
873,1,0,1
873,2,0,0
874,1,0,0
874,2,0,1
875,1,0,0
875,2,0,1
876,1,0,0
876,2,0,0
877,1,0,1
877,2,0,1
878,1,0,0
878,2,0,0
879,1,0,0
879,2,0,0
880,1,0,0
880,2,0,0
881,1,0,0
881,2,0,1
882,1,0,1
882,2,0,1
883,1,0,0
883,2,0,2
884,1,0,0
884,2,0,0
885,1,0,0
885,2,0,0
886,1,0,0
886,2,0,0
887,1,0,0
887,2,0,0
888,1,0,0
888,2,0,1
889,1,0,1
889,2,0,0
890,1,0,0
890,2,0,1
891,1,0,0
891,2,0,2
892,1,0,0
892,2,0,2
893,1,0,0
893,2,0,2
894,1,0,0
894,2,0,1
895,1,0,0
895,2,0,0
896,1,0,0
896,2,0,0
897,1,0,0
897,2,0,0
898,1,0,0
898,2,0,0
899,1,0,0
899,2,0,0
900,1,0,0
900,2,0,1
901,1,0,0
901,2,0,0
902,1,0,0
902,2,0,0
903,1,0,0
903,2,0,0
904,1,0,0
904,2,0,0
905,1,0,1
905,2,0,0
906,1,0,0
906,2,0,0
907,1,0,1
907,2,0,0
908,1,0,0
908,2,0,0
909,1,0,0
909,2,0,0
910,1,0,0
910,2,0,0
911,1,0,0
911,2,0,0
912,1,0,1
912,2,0,0
913,1,0,0
913,2,0,0
914,1,0,0
914,2,0,0
915,1,0,0
915,2,0,0
916,1,0,0
916,2,0,1
917,1,0,0
917,2,0,0
918,1,0,0
918,2,0,0
919,1,0,0
919,2,0,0
920,1,0,0
920,2,0,1
921,1,0,1
921,2,0,0
922,1,0,1
922,2,0,0
923,1,0,0
923,2,0,2
924,1,0,0
924,2,0,0
925,1,0,0
925,2,0,0
926,1,0,1
926,2,0,0
927,1,0,0
927,2,0,1
928,1,0,0
928,2,0,0
929,1,0,0
929,2,0,0
930,1,0,0
930,2,0,0
931,1,0,1
931,2,0,0
932,1,0,0
932,2,0,0
933,1,0,0
933,2,0,0
934,1,0,0
934,2,0,1
935,1,0,1
935,2,0,0
936,1,0,1
936,2,0,0
937,1,0,1
937,2,0,0
938,1,0,1
938,2,0,0
939,1,0,0
939,2,0,0
940,1,0,0
940,2,0,2
941,1,0,1
941,2,0,2
942,1,0,0
942,2,0,0
943,1,0,1
943,2,0,0
944,1,0,0
944,2,0,0
945,1,0,0
945,2,0,0
946,1,0,0
946,2,0,2
947,1,0,0
947,2,0,0
948,1,0,1
948,2,0,0
949,1,0,0
949,2,0,0
950,1,0,0
950,2,0,1
951,1,0,0
951,2,0,0
952,1,0,0
952,2,0,0
953,1,0,0
953,2,0,0
954,1,0,0
954,2,0,1
955,1,0,0
955,2,0,0
956,1,0,0
956,2,0,0
957,1,0,0
957,2,0,0
958,1,0,0
958,2,0,0
959,1,0,1
959,2,0,1
960,1,0,0
960,2,0,0
961,1,0,0
961,2,0,0
962,1,0,0
962,2,0,0
963,1,0,0
963,2,0,0
964,1,0,0
964,2,0,1
965,1,0,0
965,2,0,2
966,1,0,1
966,2,0,1
967,1,0,0
967,2,0,1
968,1,0,0
968,2,0,1
969,1,0,0
969,2,0,1
970,1,0,0
970,2,0,0
971,1,0,0
971,2,0,0
972,1,0,0
972,2,0,0
973,1,0,1
973,2,0,0
974,1,0,0
974,2,0,0
975,1,0,0
975,2,0,1
976,1,0,0
976,2,0,0
977,1,0,0
977,2,0,0
978,1,0,0
978,2,0,0
979,1,0,0
979,2,0,0
980,1,0,0
980,2,0,0
981,1,0,0
981,2,0,0
982,1,0,0
982,2,0,0
983,1,0,0
983,2,0,1
984,1,0,0
984,2,0,1
985,1,0,0
985,2,0,1
986,1,0,0
986,2,0,2
987,1,0,0
987,2,0,0
988,1,0,0
988,2,0,1
989,1,0,0
989,2,0,1
990,1,0,0
990,2,0,2
991,1,0,0
991,2,0,0
992,1,0,0
992,2,0,1
993,1,0,0
993,2,0,0
994,1,0,0
994,2,0,0
995,1,0,0
995,2,0,1
996,1,0,0
996,2,0,0
997,1,0,1
997,2,0,1
998,1,0,0
998,2,0,0
999,1,0,0
999,2,0,0
1000,1,0,0
1000,2,0,0
1001,1,0,0
1001,2,0,0
1002,1,0,0
1002,2,0,1
1003,1,0,0
1003,2,0,1
1004,1,0,0
1004,2,0,1
1005,1,0,0
1005,2,0,0
1006,1,0,0
1006,2,0,0
1007,1,0,0
1007,2,0,1
1008,1,0,1
1008,2,0,2
1009,1,0,0
1009,2,0,1
1010,1,0,0
1010,2,0,0
1011,1,0,1
1011,2,0,0
1012,1,0,0
1012,2,0,0
1013,1,0,0
1013,2,0,1
1014,1,0,1
1014,2,0,0
1015,1,0,1
1015,2,0,1
1016,1,0,1
1016,2,0,0
1017,1,0,1
1017,2,0,0
1018,1,0,1
1018,2,0,1
1019,1,0,2
1019,2,0,2
1020,1,0,2
1020,2,0,1
1021,1,0,0
1021,2,0,1
1022,1,0,0
1022,2,0,1
1023,1,0,0
1023,2,0,1
1024,1,0,2
1024,2,0,2
1025,1,0,0
1025,2,0,0
1026,1,0,0
1026,2,0,0
1027,1,0,1
1027,2,0,1
1028,1,0,0
1028,2,0,1
1029,1,0,1
1029,2,0,1
1030,1,0,1
1030,2,0,0
1031,1,0,1
1031,2,0,2
1032,1,0,1
1032,2,0,0
1033,1,0,1
1033,2,0,0
1034,1,0,1
1034,2,0,1
1035,1,0,1
1035,2,0,1
1036,1,0,1
1036,2,0,0
1037,1,0,1
1037,2,0,0
1038,1,0,1
1038,2,0,1
1039,1,0,0
1039,2,0,0
1040,1,0,0
1040,2,0,1
1041,1,0,0
1041,2,0,0
1042,1,0,0
1042,2,0,2
1043,1,0,0
1043,2,0,1
1044,1,0,0
1044,2,0,0
1045,1,0,0
1045,2,0,0
1046,1,0,1
1046,2,0,0
1047,1,0,1
1047,2,0,0
1048,1,0,0
1048,2,0,0
1049,1,0,0
1049,2,0,1
1050,1,0,0
1050,2,0,0
1051,1,0,0
1051,2,0,0
1052,1,0,0
1052,2,0,2
1053,1,0,0
1053,2,0,2
1054,1,0,0
1054,2,0,1
1055,1,0,1
1055,2,0,0
1056,1,0,0
1056,2,0,0
1057,1,0,0
1057,2,0,1
1058,1,0,0
1058,2,0,1
1059,1,0,0
1059,2,0,1
1060,1,0,1
1060,2,0,1
1061,1,0,0
1061,2,0,0
1062,1,0,1
1062,2,0,1
1063,1,0,0
1063,2,0,0
1064,1,0,0
1064,2,0,0
1065,1,0,1
1065,2,0,0
1066,1,0,1
1066,2,0,1
1067,1,0,1
1067,2,0,0
1068,1,0,1
1068,2,0,0
1069,1,0,2
1069,2,0,0
1070,1,0,1
1070,2,0,0
1071,1,0,2
1071,2,0,0
1072,1,0,2
1072,2,0,1
1073,1,0,3
1073,2,0,2
1074,1,0,1
1074,2,0,1
1075,1,0,2
1075,2,0,1
1076,1,0,0
1076,2,0,1
1077,1,0,0
1077,2,0,1
1078,1,0,0
1078,2,0,0
1079,1,0,1
1079,2,0,1
1080,1,0,1
1080,2,0,0
1081,1,0,1
1081,2,0,1
1082,1,0,0
1082,2,0,0
1083,1,0,0
1083,2,0,0
1084,1,0,0
1084,2,0,0
1085,1,0,1
1085,2,0,1
1086,1,0,2
1086,2,0,1
1087,1,0,1
1087,2,0,1
1088,1,0,1
1088,2,0,1
1089,1,0,0
1089,2,0,2
1090,1,0,1
1090,2,0,1
1091,1,0,0
1091,2,0,0
1092,1,0,0
1092,2,0,1
1093,1,0,0
1093,2,0,0
1094,1,0,0
1094,2,0,0
1095,1,0,0
1095,2,0,1
1096,1,0,1
1096,2,0,1
1097,1,0,0
1097,2,0,0
1098,1,0,0
1098,2,0,1
1099,1,0,2
1099,2,0,0
1100,1,0,0
1100,2,0,0
1101,1,0,0
1101,2,0,1
1102,1,0,1
1102,2,0,2
1103,1,0,2
1103,2,0,0
1104,1,0,1
1104,2,0,0
1105,1,0,2
1105,2,0,0
1106,1,0,2
1106,2,0,0
1107,1,0,1
1107,2,0,0
1108,1,0,1
1108,2,0,0
1109,1,0,1
1109,2,0,0
1110,1,0,0
1110,2,0,2
1111,1,0,1
1111,2,0,2
1112,1,0,2
1112,2,0,1
1113,1,0,0
1113,2,0,2
1114,1,0,2
1114,2,0,0
1115,1,0,0
1115,2,0,0
1116,1,0,2
1116,2,0,0
1117,1,0,1
1117,2,0,0
1118,1,0,1
1118,2,0,0
1119,1,0,1
1119,2,0,0
1120,1,0,0
1120,2,0,0
1121,1,0,1
1121,2,0,0
1122,1,0,1
1122,2,0,0
1123,1,0,0
1123,2,0,1
1124,1,0,1
1124,2,0,1
1125,1,0,0
1125,2,0,2
1126,1,0,1
1126,2,0,0
1127,1,0,0
1127,2,0,1
1128,1,0,0
1128,2,0,1
1129,1,0,1
1129,2,0,1
1130,1,0,1
1130,2,0,2
1131,1,0,2
1131,2,0,2
1132,1,0,3
1132,2,0,1
1133,1,0,0
1133,2,0,1
1134,1,0,0
1134,2,0,1
1135,1,0,0
1135,2,0,1
1136,1,0,1
1136,2,0,1
1137,1,0,1
1137,2,0,0
1138,1,0,1
1138,2,0,1
1139,1,0,0
1139,2,0,1
1140,1,0,1
1140,2,0,0
1141,1,0,1
1141,2,0,0
1142,1,0,1
1142,2,0,0
1143,1,0,1
1143,2,0,1
1144,1,0,0
1144,2,0,0
1145,1,0,0
1145,2,0,0
1146,1,0,0
1146,2,0,1
1147,1,0,0
1147,2,0,0
1148,1,0,1
1148,2,0,0
1149,1,0,0
1149,2,0,0
1150,1,0,0
1150,2,0,0
1151,1,0,1
1151,2,0,2
1152,1,0,0
1152,2,0,2
1153,1,0,0
1153,2,0,0
1154,1,0,1
1154,2,0,0
1155,1,0,1
1155,2,0,1
1156,1,0,1
1156,2,0,2
1157,1,0,2
1157,2,0,2
1158,1,0,0
1158,2,0,0
1159,1,0,1
1159,2,0,0
1160,1,0,0
1160,2,0,0
1161,1,0,0
1161,2,0,1
1162,1,0,0
1162,2,0,0
1163,1,0,0
1163,2,0,0
1164,1,0,0
1164,2,0,0
1165,1,0,1
1165,2,0,1
1166,1,0,1
1166,2,0,1
1167,1,0,1
1167,2,0,0
1168,1,0,1
1168,2,0,0
1169,1,0,0
1169,2,0,1
1170,1,0,0
1170,2,0,1
1171,1,0,0
1171,2,0,1
1172,1,0,0
1172,2,0,0
1173,1,0,1
1173,2,0,0
1174,1,0,0
1174,2,0,0
1175,1,0,1
1175,2,0,0
1176,1,0,2
1176,2,0,0
1177,1,0,1
1177,2,0,0
1178,1,0,1
1178,2,0,0
1179,1,0,1
1179,2,0,0
1180,1,0,2
1180,2,0,0
1181,1,0,1
1181,2,0,0
1182,1,0,1
1182,2,0,1
1183,1,0,1
1183,2,0,0
1184,1,0,0
1184,2,0,0
1185,1,0,1
1185,2,0,0
1186,1,0,0
1186,2,0,0
1187,1,0,2
1187,2,0,1
1188,1,0,1
1188,2,0,0
1189,1,0,0
1189,2,0,0
1190,1,0,0
1190,2,0,0
1191,1,0,2
1191,2,0,0
1192,1,0,2
1192,2,0,0
1193,1,0,0
1193,2,0,0
1194,1,0,1
1194,2,0,0
1195,1,0,0
1195,2,0,0
1196,1,0,0
1196,2,0,0
1197,1,0,1
1197,2,0,1
1198,1,0,0
1198,2,0,0
1199,1,0,0
1199,2,0,0
1200,1,0,0
1200,2,0,0
1201,1,0,0
1201,2,0,0
1202,1,0,1
1202,2,0,1
1203,1,0,2
1203,2,0,0
1204,1,0,2
1204,2,0,0
1205,1,0,1
1205,2,0,1
1206,1,0,2
1206,2,0,0
1207,1,0,2
1207,2,0,2
1208,1,0,1
1208,2,0,1
1209,1,0,1
1209,2,0,1
1210,1,0,1
1210,2,0,0
1211,1,0,1
1211,2,0,0
1212,1,0,1
1212,2,0,0
1213,1,0,3
1213,2,0,0
1214,1,0,0
1214,2,0,0
1215,1,0,0
1215,2,0,1
1216,1,0,0
1216,2,0,2
1217,1,0,0
1217,2,0,2
1218,1,0,0
1218,2,0,0
1219,1,0,0
1219,2,0,0
1220,1,0,1
1220,2,0,2
1221,1,0,0
1221,2,0,1
1222,1,0,0
1222,2,0,1
1223,1,0,0
1223,2,0,0
1224,1,0,2
1224,2,0,1
1225,1,0,1
1225,2,0,1
1226,1,0,1
1226,2,0,1
1227,1,0,1
1227,2,0,0
1228,1,0,1
1228,2,0,1
1229,1,0,1
1229,2,0,1
1230,1,0,1
1230,2,0,0
1231,1,0,1
1231,2,0,1
1232,1,0,3
1232,2,1,0
1233,1,0,0
1233,2,0,0
1234,1,0,1
1234,2,0,1
1235,1,0,0
1235,2,0,0
1236,1,0,0
1236,2,0,0
1237,1,0,0
1237,2,0,0
1238,1,0,0
1238,2,0,1
1239,1,0,0
1239,2,0,0
1240,1,0,0
1240,2,0,0
1241,1,0,0
1241,2,0,0
1242,1,0,0
1242,2,0,1
1243,1,0,0
1243,2,0,0
1244,1,0,1
1244,2,0,2
1245,1,0,1
1245,2,0,0
1246,1,0,1
1246,2,0,1
1247,1,0,0
1247,2,0,0
1248,1,0,0
1248,2,0,0
1249,1,0,0
1249,2,0,1
1250,1,0,0
1250,2,0,0
1251,1,0,2
1251,2,0,0
1252,1,0,0
1252,2,0,1
1253,1,0,0
1253,2,0,0
1254,1,0,0
1254,2,0,0
1255,1,0,0
1255,2,0,0
1256,1,0,0
1256,2,0,0
1257,1,0,1
1257,2,0,0
1258,1,0,1
1258,2,0,0
1259,1,0,0
1259,2,0,0
1260,1,0,1
1260,2,0,0
1261,1,0,0
1261,2,0,0
1262,1,0,1
1262,2,0,0
1263,1,0,0
1263,2,0,1
1264,1,0,1
1264,2,0,1
1265,1,0,0
1265,2,0,0
1266,1,0,0
1266,2,0,0
1267,1,0,1
1267,2,0,0
1268,1,0,1
1268,2,0,0
1269,1,0,1
1269,2,0,0
1270,1,0,1
1270,2,0,0
1271,1,0,1
1271,2,0,0
1272,1,0,2
1272,2,0,0
1273,1,0,3
1273,2,0,0
1274,1,0,2
1274,2,0,2
1275,1,0,1
1275,2,0,0
1276,1,0,0
1276,2,0,0
1277,1,0,0
1277,2,0,0
1278,1,0,0
1278,2,0,0
1279,1,0,0
1279,2,0,0
1280,1,0,2
1280,2,0,0
1281,1,0,0
1281,2,0,0
1282,1,0,0
1282,2,0,0
1283,1,0,0
1283,2,0,0
1284,1,0,1
1284,2,0,0
1285,1,0,0
1285,2,0,1
1286,1,0,1
1286,2,0,0
1287,1,0,1
1287,2,0,0
1288,1,0,0
1288,2,0,0
1289,1,0,1
1289,2,0,0
1290,1,0,1
1290,2,0,0
1291,1,0,1
1291,2,0,2
1292,1,0,0
1292,2,0,1
1293,1,0,0
1293,2,0,1
1294,1,0,1
1294,2,0,1
1295,1,0,1
1295,2,0,1
1296,1,0,1
1296,2,0,1
1297,1,0,0
1297,2,0,1
1298,1,0,0
1298,2,0,1
1299,1,0,0
1299,2,0,1
1300,1,0,0
1300,2,0,2
1301,1,0,0
1301,2,0,1
1302,1,0,0
1302,2,0,1
1303,1,0,0
1303,2,0,1
1304,1,0,0
1304,2,0,2
1305,1,0,0
1305,2,0,1
1306,1,0,0
1306,2,0,2
1307,1,0,0
1307,2,0,2
1308,1,0,0
1308,2,0,1
1309,1,0,0
1309,2,0,1
1310,1,0,2
1310,2,0,1
1311,1,0,0
1311,2,0,2
1312,1,0,1
1312,2,0,2
1313,1,0,0
1313,2,0,1
1314,1,0,0
1314,2,0,1
1315,1,0,0
1315,2,0,1
1316,1,0,1
1316,2,0,0
1317,1,0,0
1317,2,0,0
1318,1,0,0
1318,2,0,0
1319,1,0,0
1319,2,0,1
1320,1,0,0
1320,2,0,0
1321,1,0,0
1321,2,0,1
1322,1,0,0
1322,2,0,2
1323,1,0,1
1323,2,0,1
1324,1,0,1
1324,2,0,1
1325,1,0,0
1325,2,0,2
1326,1,0,1
1326,2,0,1
1327,1,0,0
1327,2,0,1
1328,1,0,0
1328,2,0,1
1329,1,0,0
1329,2,0,1
1330,1,0,0
1330,2,0,1
1331,1,0,0
1331,2,0,1
1332,1,0,0
1332,2,0,1
1333,1,0,0
1333,2,0,0
1334,1,0,0
1334,2,0,1
1335,1,0,1
1335,2,0,0
1336,1,0,0
1336,2,0,0
1337,1,0,0
1337,2,0,1
1338,1,0,2
1338,2,0,1
1339,1,0,0
1339,2,0,0
1340,1,0,0
1340,2,0,0
1341,1,0,1
1341,2,0,1
1342,1,0,0
1342,2,0,0
1343,1,0,0
1343,2,0,0
1344,1,0,0
1344,2,0,0
1345,1,0,1
1345,2,0,0
1346,1,0,1
1346,2,0,1
1347,1,0,1
1347,2,0,1
1348,1,0,0
1348,2,0,1
1349,1,0,0
1349,2,0,0
1350,1,0,0
1350,2,0,1
1351,1,0,0
1351,2,0,0
1352,1,0,0
1352,2,0,0
1353,1,0,0
1353,2,0,0
1354,1,0,0
1354,2,0,0
1355,1,0,0
1355,2,0,0
1356,1,0,0
1356,2,0,1
1357,1,0,0
1357,2,0,1
1358,1,0,0
1358,2,0,0
1359,1,0,0
1359,2,0,1
1360,1,0,1
1360,2,0,1
1361,1,0,0
1361,2,0,1
1362,1,0,0
1362,2,0,1
1363,1,0,0
1363,2,0,0
1364,1,0,0
1364,2,0,0
1365,1,0,2
1365,2,0,0
1366,1,0,0
1366,2,0,0
1367,1,0,2
1367,2,0,0
1368,1,0,1
1368,2,0,1
1369,1,0,1
1369,2,0,1
1370,1,0,0
1370,2,0,0
1371,1,0,2
1371,2,0,0
1372,1,0,1
1372,2,0,0
1373,1,0,2
1373,2,0,1
1374,1,0,1
1374,2,0,0
1375,1,0,1
1375,2,0,0
1376,1,0,1
1376,2,0,0
1377,1,0,2
1377,2,0,0
1378,1,0,2
1378,2,0,0
1379,1,0,2
1379,2,0,0
1380,1,0,2
1380,2,0,0
1381,1,0,2
1381,2,0,0
1382,1,0,1
1382,2,0,0
1383,1,0,0
1383,2,0,0
1384,1,0,1
1384,2,0,1
1385,1,0,0
1385,2,0,0
1386,1,0,0
1386,2,0,0
1387,1,0,0
1387,2,0,1
1388,1,0,0
1388,2,0,1
1389,1,0,0
1389,2,0,1
1390,1,0,1
1390,2,0,1
1391,1,0,0
1391,2,0,1
1392,1,0,1
1392,2,0,2
1393,1,0,1
1393,2,0,0
1394,1,0,0
1394,2,0,1
1395,1,0,1
1395,2,0,2
1396,1,0,0
1396,2,0,0
1397,1,0,0
1397,2,0,0
1398,1,0,1
1398,2,0,0
1399,1,0,2
1399,2,0,0
1400,1,0,1
1400,2,0,0
1401,1,0,1
1401,2,0,1
1402,1,0,1
1402,2,0,1
1403,1,0,0
1403,2,0,0
1404,1,0,0
1404,2,0,0
1405,1,0,0
1405,2,0,0
1406,1,0,1
1406,2,0,0
1407,1,0,0
1407,2,0,0
1408,1,0,0
1408,2,0,0
1409,1,0,0
1409,2,0,0
1410,1,0,0
1410,2,0,1
1411,1,0,0
1411,2,0,0
1412,1,0,1
1412,2,0,1
1413,1,0,1
1413,2,0,1
1414,1,0,0
1414,2,0,0
1415,1,0,0
1415,2,0,0
1416,1,0,0
1416,2,0,0
1417,1,0,1
1417,2,0,0
1418,1,0,0
1418,2,0,0
1419,1,0,1
1419,2,0,0
1420,1,0,1
1420,2,0,0
1421,1,0,3
1421,2,0,0
1422,1,0,2
1422,2,1,0
1423,1,0,0
1423,2,0,0
1424,1,0,1
1424,2,0,0
1425,1,0,3
1425,2,0,0
1426,1,0,1
1426,2,0,0
1427,1,0,1
1427,2,0,0
1428,1,0,3
1428,2,0,1
1429,1,0,1
1429,2,0,0
1430,1,0,1
1430,2,0,0
1431,1,0,3
1431,2,0,0
1432,1,0,2
1432,2,0,0
1433,1,0,2
1433,2,0,0
1434,1,0,2
1434,2,0,0
1435,1,0,0
1435,2,0,0
1436,1,0,0
1436,2,0,0
1437,1,0,0
1437,2,0,0
1438,1,0,0
1438,2,0,0
1439,1,0,0
1439,2,0,0
1440,1,0,1
1440,2,0,0
1441,1,0,1
1441,2,0,0
1442,1,0,0
1442,2,0,0
1443,1,0,0
1443,2,0,0
1444,1,0,1
1444,2,0,0
1445,1,0,2
1445,2,0,0
1446,1,0,2
1446,2,0,0
1447,1,0,2
1447,2,0,0
1448,1,0,0
1448,2,0,0
1449,1,0,0
1449,2,0,0
1450,1,0,2
1450,2,0,0
1451,1,0,2
1451,2,0,0
1452,1,0,1
1452,2,0,0
1453,1,0,0
1453,2,0,0
1454,1,0,0
1454,2,0,0
1455,1,0,1
1455,2,0,0
1456,1,0,3
1456,2,0,0
1457,1,0,2
1457,2,0,0
1458,1,0,2
1458,2,0,0
1459,1,0,2
1459,2,0,0
1460,1,0,2
1460,2,0,0
1461,1,0,2
1461,2,0,0
1462,1,0,2
1462,2,0,1
1463,1,0,0
1463,2,0,1
1464,1,0,1
1464,2,0,1
1465,1,0,0
1465,2,0,0
1466,1,0,1
1466,2,0,0
1467,1,0,1
1467,2,0,0
1468,1,0,0
1468,2,0,1
1469,1,0,0
1469,2,0,0
1470,1,0,2
1470,2,0,0
1471,1,0,0
1471,2,0,0
1472,1,0,0
1472,2,0,0
1473,1,0,0
1473,2,0,0
1474,1,0,0
1474,2,0,0
1475,1,0,1
1475,2,0,1
1476,1,0,1
1476,2,0,0
1477,1,0,1
1477,2,0,0
1478,1,0,1
1478,2,0,0
1479,1,0,1
1479,2,0,0
1480,1,0,2
1480,2,0,0
1481,1,0,1
1481,2,0,1
1482,1,0,2
1482,2,0,0
1483,1,0,1
1483,2,0,0
1484,1,0,2
1484,2,0,0
1485,1,0,1
1485,2,0,0
1486,1,0,1
1486,2,0,0
1487,1,0,1
1487,2,0,0
1488,1,0,2
1488,2,0,1
1489,1,0,2
1489,2,0,0
1490,1,0,1
1490,2,0,0
1491,1,0,1
1491,2,0,1
1492,1,0,1
1492,2,0,0
1493,1,0,1
1493,2,0,0
1494,1,0,1
1494,2,0,0
1495,1,0,1
1495,2,0,0
1496,1,0,1
1496,2,0,1
1497,1,0,1
1497,2,0,1
1498,1,0,1
1498,2,0,0
1499,1,0,1
1499,2,0,1
1500,1,0,1
1500,2,0,0
1501,1,0,1
1501,2,0,1
1502,1,0,1
1502,2,0,0
1503,1,0,2
1503,2,0,0
1504,1,0,1
1504,2,0,0
1505,1,0,2
1505,2,0,1
1506,1,0,1
1506,2,0,0
1507,1,0,2
1507,2,0,0
1508,1,0,1
1508,2,0,0
1509,1,0,1
1509,2,0,1
1510,1,0,1
1510,2,0,0
1511,1,0,1
1511,2,0,0
1512,1,0,0
1512,2,0,1
1513,1,0,0
1513,2,0,0
1514,1,0,1
1514,2,0,0
1515,1,0,0
1515,2,0,0
1516,1,0,1
1516,2,0,0
1517,1,0,0
1517,2,0,0
1518,1,0,1
1518,2,0,0
1519,1,0,1
1519,2,0,0
1520,1,0,0
1520,2,0,0
1521,1,0,0
1521,2,0,0
1522,1,0,0
1522,2,0,0
1523,1,0,1
1523,2,0,0
1524,1,0,0
1524,2,0,0
1525,1,0,0
1525,2,0,0
1526,1,0,0
1526,2,0,0
1527,1,0,2
1527,2,0,0
1528,1,0,0
1528,2,0,0
1529,1,0,1
1529,2,0,0
1530,1,0,2
1530,2,0,1
1531,1,0,0
1531,2,0,0
1532,1,0,1
1532,2,0,3
1533,1,0,0
1533,2,0,1
1534,1,0,1
1534,2,0,1
1535,1,0,0
1535,2,0,0
1536,1,0,0
1536,2,0,0
1537,1,0,1
1537,2,0,0
1538,1,0,1
1538,2,0,0
1539,1,0,0
1539,2,0,0
1540,1,0,0
1540,2,0,1
1541,1,0,0
1541,2,0,0
1542,1,0,0
1542,2,0,0
1543,1,0,0
1543,2,0,0
1544,1,0,0
1544,2,0,0
1545,1,0,0
1545,2,0,1
1546,1,0,0
1546,2,0,0
1547,1,0,0
1547,2,0,1
1548,1,0,0
1548,2,0,0
1549,1,0,0
1549,2,0,0
1550,1,0,0
1550,2,0,0
1551,1,0,0
1551,2,0,1
1552,1,0,1
1552,2,0,0
1553,1,0,0
1553,2,0,0
1554,1,0,0
1554,2,0,0
1555,1,0,0
1555,2,0,0
1556,1,0,0
1556,2,0,0
1557,1,0,0
1557,2,0,0
1558,1,0,0
1558,2,0,1
1559,1,0,1
1559,2,0,0
1560,1,0,0
1560,2,0,0
1561,1,0,0
1561,2,0,0
1562,1,0,1
1562,2,0,0
1563,1,0,0
1563,2,0,0
1564,1,0,0
1564,2,0,0
1565,1,0,0
1565,2,0,0
1566,1,0,1
1566,2,0,0
1567,1,0,0
1567,2,0,0
1568,1,0,0
1568,2,0,0
1569,1,0,0
1569,2,0,1
1570,1,0,0
1570,2,0,0
1571,1,0,2
1571,2,0,0
1572,1,0,0
1572,2,0,1
1573,1,0,0
1573,2,0,0
1574,1,0,0
1574,2,0,1
1575,1,0,0
1575,2,0,1
1576,1,0,0
1576,2,0,0
1577,1,0,0
1577,2,0,0
1578,1,0,0
1578,2,0,0
1579,1,0,0
1579,2,0,0
1580,1,0,0
1580,2,0,1
1581,1,0,0
1581,2,0,0
1582,1,0,0
1582,2,0,1
1583,1,0,1
1583,2,0,0
1584,1,0,1
1584,2,0,0
1585,1,0,1
1585,2,0,0
1586,1,0,1
1586,2,0,0
1587,1,0,1
1587,2,0,1
1588,1,0,0
1588,2,0,0
1589,1,0,1
1589,2,0,0
1590,1,0,0
1590,2,0,0
1591,1,0,0
1591,2,0,0
1592,1,0,0
1592,2,0,0
1593,1,0,0
1593,2,0,1
1594,1,0,0
1594,2,0,0
1595,1,0,0
1595,2,0,0
1596,1,0,0
1596,2,0,0
1597,1,0,0
1597,2,0,0
1598,1,0,1
1598,2,0,0
1599,1,0,0
1599,2,0,0
1600,1,0,0
1600,2,0,0
1601,1,0,0
1601,2,0,0
1602,1,0,1
1602,2,0,0
1603,1,0,0
1603,2,0,0
1604,1,0,1
1604,2,0,0
1605,1,0,1
1605,2,0,0
1606,1,0,0
1606,2,0,0
1607,1,0,0
1607,2,0,0
1608,1,0,0
1608,2,0,1
1609,1,0,0
1609,2,0,1
1610,1,0,0
1610,2,0,0
1611,1,0,0
1611,2,0,0
1612,1,0,0
1612,2,0,0
1613,1,0,0
1613,2,0,0
1614,1,0,0
1614,2,0,0
1615,1,0,0
1615,2,0,0
1616,1,0,0
1616,2,0,0
1617,1,0,1
1617,2,0,0
1618,1,0,0
1618,2,0,0
1619,1,0,0
1619,2,0,0
1620,1,0,0
1620,2,0,0
1621,1,0,0
1621,2,0,0
1622,1,0,1
1622,2,0,0
1623,1,0,0
1623,2,0,1
1624,1,0,0
1624,2,0,1
1625,1,0,1
1625,2,0,0
1626,1,0,1
1626,2,0,0
1627,1,0,0
1627,2,0,0
1628,1,0,0
1628,2,0,1
1629,1,0,1
1629,2,0,1
1630,1,0,0
1630,2,0,0
1631,1,0,0
1631,2,0,0
1632,1,0,0
1632,2,0,0
1633,1,0,0
1633,2,0,1
1634,1,0,1
1634,2,0,1
1635,1,0,1
1635,2,0,1
1636,1,0,1
1636,2,0,0
1637,1,0,2
1637,2,0,1
1638,1,0,0
1638,2,0,0
1639,1,0,1
1639,2,0,0
1640,1,0,0
1640,2,0,0
1641,1,0,0
1641,2,0,0
1642,1,0,0
1642,2,0,0
1643,1,0,0
1643,2,0,1
1644,1,0,0
1644,2,0,0
1645,1,0,0
1645,2,0,0
1646,1,0,0
1646,2,0,0
1647,1,0,0
1647,2,0,1
1648,1,0,1
1648,2,0,2
1649,1,0,1
1649,2,0,1
1650,1,0,0
1650,2,0,0
1651,1,0,0
1651,2,0,1
1652,1,0,0
1652,2,0,0
1653,1,0,0
1653,2,0,0
1654,1,0,1
1654,2,0,0
1655,1,0,0
1655,2,0,1
1656,1,0,0
1656,2,0,0
1657,1,0,0
1657,2,0,0
1658,1,0,0
1658,2,0,0
1659,1,0,1
1659,2,0,0
1660,1,0,0
1660,2,0,0
1661,1,0,0
1661,2,0,0
1662,1,0,0
1662,2,0,0
1663,1,0,0
1663,2,0,1
1664,1,0,1
1664,2,0,0
1665,1,0,2
1665,2,0,0
1666,1,0,0
1666,2,0,0
1667,1,0,0
1667,2,0,1
1668,1,0,0
1668,2,0,0
1669,1,0,1
1669,2,0,2
1670,1,0,0
1670,2,0,0
1671,1,0,1
1671,2,0,0
1672,1,0,0
1672,2,0,1
1673,1,0,1
1673,2,0,0
1674,1,0,0
1674,2,0,1
1675,1,0,1
1675,2,0,0
1676,1,0,1
1676,2,0,0
1677,1,0,2
1677,2,0,0
1678,1,0,1
1678,2,0,0
1679,1,0,1
1679,2,0,0
1680,1,0,0
1680,2,0,1
1681,1,0,1
1681,2,0,0
1682,1,0,2
1682,2,0,0
1683,1,0,0
1683,2,0,0
1684,1,0,0
1684,2,0,0
1685,1,0,1
1685,2,0,0
1686,1,0,0
1686,2,0,0
1687,1,0,0
1687,2,0,0
1688,1,0,0
1688,2,0,0
1689,1,0,1
1689,2,0,1
1690,1,0,1
1690,2,0,0
1691,1,0,0
1691,2,0,0
1692,1,0,1
1692,2,0,0
1693,1,0,0
1693,2,0,0
1694,1,0,0
1694,2,0,0
1695,1,0,0
1695,2,0,0
1696,1,0,0
1696,2,0,0
1697,1,0,0
1697,2,0,0
1698,1,0,0
1698,2,0,0
1699,1,0,0
1699,2,0,0
1700,1,0,0
1700,2,0,0
1701,1,0,0
1701,2,0,0
1702,1,0,0
1702,2,0,1
1703,1,0,2
1703,2,0,1
1704,1,0,0
1704,2,0,1
1705,1,0,0
1705,2,0,0
1706,1,0,0
1706,2,0,1
1707,1,0,0
1707,2,0,1
1708,1,0,0
1708,2,0,0
1709,1,0,0
1709,2,0,1
1710,1,0,1
1710,2,0,1
1711,1,0,0
1711,2,0,0
1712,1,0,0
1712,2,0,0
1713,1,0,0
1713,2,0,0
1714,1,0,0
1714,2,0,0
1715,1,0,0
1715,2,0,1
1716,1,0,1
1716,2,0,1
1717,1,0,0
1717,2,0,1
1718,1,0,1
1718,2,0,0
1719,1,0,0
1719,2,0,1
1720,1,0,1
1720,2,0,1
1721,1,0,1
1721,2,0,0
1722,1,0,0
1722,2,0,1
1723,1,0,2
1723,2,0,0
1724,1,0,0
1724,2,0,0
1725,1,0,0
1725,2,0,1
1726,1,0,0
1726,2,0,1
1727,1,0,1
1727,2,0,1
1728,1,0,1
1728,2,0,0
1729,1,0,0
1729,2,0,0
1730,1,0,1
1730,2,0,0
1731,1,0,1
1731,2,0,0
1732,1,0,0
1732,2,0,0
1733,1,0,0
1733,2,0,0
1734,1,0,2
1734,2,0,0
1735,1,0,0
1735,2,0,0
1736,1,0,1
1736,2,0,1
1737,1,0,0
1737,2,0,1
1738,1,0,0
1738,2,0,0
1739,1,0,1
1739,2,0,0
1740,1,0,1
1740,2,0,0
1741,1,0,1
1741,2,0,0
1742,1,0,1
1742,2,0,0
1743,1,0,0
1743,2,0,0
1744,1,0,1
1744,2,1,0
1745,1,0,1
1745,2,0,1
1746,1,0,1
1746,2,0,0
1747,1,0,1
1747,2,0,0
1748,1,0,1
1748,2,0,1
1749,1,0,2
1749,2,0,1
1750,1,0,1
1750,2,0,0
1751,1,0,2
1751,2,0,3
1752,1,0,1
1752,2,0,2
1753,1,0,1
1753,2,0,1
1754,1,0,1
1754,2,0,0
1755,1,0,1
1755,2,0,0
1756,1,0,1
1756,2,0,0
1757,1,0,1
1757,2,0,0
1758,1,0,1
1758,2,0,0
1759,1,0,2
1759,2,0,0
1760,1,0,2
1760,2,0,0
1761,1,0,1
1761,2,0,0
1762,1,0,2
1762,2,0,0
1763,1,0,1
1763,2,0,0
1764,1,0,1
1764,2,0,0
1765,1,0,0
1765,2,0,0
1766,1,0,0
1766,2,0,0
1767,1,0,0
1767,2,0,2
1768,1,0,0
1768,2,0,0
1769,1,0,0
1769,2,0,1
1770,1,0,0
1770,2,0,0
1771,1,0,0
1771,2,0,0
1772,1,0,0
1772,2,0,0
1773,1,0,0
1773,2,0,0
1774,1,0,0
1774,2,0,0
1775,1,0,2
1775,2,0,0
1776,1,0,1
1776,2,0,0
1777,1,0,1
1777,2,0,0
1778,1,0,1
1778,2,0,0
1779,1,0,2
1779,2,0,0
1780,1,0,2
1780,2,0,0
1781,1,0,0
1781,2,0,0
1782,1,0,2
1782,2,0,0
1783,1,0,0
1783,2,0,1
1784,1,0,0
1784,2,0,1
1785,1,0,0
1785,2,0,1
1786,1,0,1
1786,2,0,0
1787,1,0,3
1787,2,0,0
1788,1,0,1
1788,2,0,0
1789,1,0,1
1789,2,0,1
1790,1,0,1
1790,2,0,0
1791,1,0,1
1791,2,0,0
1792,1,0,1
1792,2,0,0
1793,1,0,1
1793,2,0,0
1794,1,0,1
1794,2,0,0
1795,1,0,1
1795,2,0,0
1796,1,0,2
1796,2,0,1
1797,1,0,2
1797,2,0,1
1798,1,0,0
1798,2,0,1
1799,1,0,1
1799,2,0,1
1800,1,0,0
1800,2,0,2
1801,1,0,0
1801,2,0,2
1802,1,0,0
1802,2,0,1
1803,1,0,0
1803,2,0,2
1804,1,0,1
1804,2,0,2
1805,1,0,1
1805,2,0,1
1806,1,0,0
1806,2,0,2
1807,1,0,0
1807,2,0,1
1808,1,0,0
1808,2,0,2
1809,1,0,0
1809,2,0,2
1810,1,0,0
1810,2,0,1
1811,1,0,0
1811,2,0,1
1812,1,0,0
1812,2,0,1
1813,1,0,0
1813,2,0,1
1814,1,0,0
1814,2,0,1
1815,1,0,0
1815,2,0,1
1816,1,0,0
1816,2,0,1
1817,1,0,1
1817,2,0,1
1818,1,0,1
1818,2,0,2
1819,1,0,1
1819,2,0,1
1820,1,0,0
1820,2,0,1
1821,1,0,1
1821,2,0,1
1822,1,0,1
1822,2,0,1
1823,1,0,1
1823,2,0,1
1824,1,0,1
1824,2,0,1
1825,1,0,1
1825,2,0,1
1826,1,0,0
1826,2,0,1
1827,1,0,1
1827,2,0,1
1828,1,0,0
1828,2,0,1
1829,1,0,1
1829,2,0,1
1830,1,0,0
1830,2,0,1
1831,1,0,0
1831,2,0,1
1832,1,0,2
1832,2,0,1
1833,1,0,1
1833,2,0,1
1834,1,0,1
1834,2,0,1
1835,1,0,2
1835,2,0,1
1836,1,0,0
1836,2,0,1
1837,1,0,0
1837,2,0,1
1838,1,0,0
1838,2,0,1
1839,1,0,1
1839,2,0,1
1840,1,0,0
1840,2,0,1
1841,1,0,0
1841,2,0,1
1842,1,0,0
1842,2,0,1
1843,1,0,1
1843,2,0,1
1844,1,0,0
1844,2,0,2
1845,1,0,1
1845,2,0,2
1846,1,0,0
1846,2,0,2
1847,1,0,0
1847,2,0,1
1848,1,0,0
1848,2,0,1
1849,1,0,1
1849,2,0,1
1850,1,0,1
1850,2,0,1
1851,1,0,0
1851,2,0,1
1852,1,0,1
1852,2,0,1
1853,1,0,0
1853,2,0,0
1854,1,0,0
1854,2,0,0
1855,1,0,0
1855,2,0,2
1856,1,0,0
1856,2,0,0
1857,1,0,0
1857,2,0,0
1858,1,0,0
1858,2,0,0
1859,1,0,1
1859,2,0,0
1860,1,0,0
1860,2,0,0
1861,1,0,0
1861,2,0,0
1862,1,0,2
1862,2,0,0
1863,1,0,2
1863,2,0,0
1864,1,0,2
1864,2,0,0
1865,1,0,1
1865,2,0,0
1866,1,0,0
1866,2,0,0
1867,1,0,1
1867,2,0,0
1868,1,0,1
1868,2,0,0
1869,1,0,0
1869,2,0,0
1870,1,0,0
1870,2,0,0
1871,1,0,0
1871,2,0,0
1872,1,0,0
1872,2,0,0
1873,1,0,0
1873,2,0,1
1874,1,0,1
1874,2,0,0
1875,1,0,0
1875,2,0,0
1876,1,0,1
1876,2,0,0
1877,1,0,0
1877,2,0,0
1878,1,0,1
1878,2,0,1
1879,1,0,0
1879,2,0,0
1880,1,0,1
1880,2,0,1
1881,1,0,0
1881,2,0,1
1882,1,0,1
1882,2,0,1
1883,1,0,1
1883,2,0,1
1884,1,0,1
1884,2,0,0
1885,1,0,1
1885,2,0,0
1886,1,0,1
1886,2,0,1
1887,1,0,0
1887,2,0,0
1888,1,0,1
1888,2,0,0
1889,1,0,0
1889,2,0,0
1890,1,0,1
1890,2,0,0
1891,1,0,1
1891,2,0,0
1892,1,0,0
1892,2,0,0
1893,1,0,0
1893,2,0,0
1894,1,0,1
1894,2,0,0
1895,1,0,1
1895,2,0,0
1896,1,0,0
1896,2,0,0
1897,1,0,0
1897,2,0,2
1898,1,0,1
1898,2,0,0
1899,1,0,1
1899,2,0,1
1900,1,0,1
1900,2,0,0
1901,1,0,0
1901,2,0,2
1902,1,0,0
1902,2,0,0
1903,1,0,1
1903,2,0,1
1904,1,0,1
1904,2,0,1
1905,1,0,0
1905,2,0,0
1906,1,0,2
1906,2,0,0
1907,1,0,1
1907,2,0,0
1908,1,0,1
1908,2,0,0
1909,1,0,2
1909,2,0,2
1910,1,0,0
1910,2,0,1
1911,1,0,0
1911,2,0,1
1912,1,0,1
1912,2,0,2
1913,1,0,0
1913,2,0,2
1914,1,0,0
1914,2,0,2
1915,1,0,0
1915,2,0,1
1916,1,0,1
1916,2,0,0
1917,1,0,1
1917,2,0,1
1918,1,0,0
1918,2,0,2
1919,1,0,0
1919,2,0,1
1920,1,0,1
1920,2,0,1
1921,1,0,0
1921,2,0,0
1922,1,0,0
1922,2,0,0
1923,1,0,1
1923,2,0,2
1924,1,0,1
1924,2,0,1
1925,1,0,1
1925,2,0,1
1926,1,0,0
1926,2,0,1
1927,1,0,2
1927,2,0,2
1928,1,0,2
1928,2,0,0
1929,1,0,1
1929,2,0,0
1930,1,0,1
1930,2,0,0
1931,1,0,0
1931,2,0,0
1932,1,0,1
1932,2,0,0
1933,1,0,1
1933,2,0,0
1934,1,0,0
1934,2,0,0
1935,1,0,0
1935,2,0,0
1936,1,0,0
1936,2,0,0
1937,1,0,0
1937,2,0,0
1938,1,0,1
1938,2,0,0
1939,1,0,1
1939,2,0,0
1940,1,0,0
1940,2,0,0
1941,1,0,0
1941,2,0,0
1942,1,0,0
1942,2,0,0
1943,1,0,1
1943,2,0,0
1944,1,0,0
1944,2,0,0
1945,1,0,0
1945,2,0,0
1946,1,0,1
1946,2,0,2
1947,1,0,1
1947,2,0,0
1948,1,0,0
1948,2,0,0
1949,1,0,1
1949,2,0,1
1950,1,0,1
1950,2,0,1
1951,1,0,0
1951,2,0,0
1952,1,0,0
1952,2,0,0
1953,1,0,2
1953,2,0,1
1954,1,0,1
1954,2,0,0
1955,1,0,0
1955,2,0,1
1956,1,0,0
1956,2,0,1
1957,1,0,0
1957,2,0,0
1958,1,0,0
1958,2,0,1
1959,1,0,1
1959,2,0,2
1960,1,0,0
1960,2,0,1
1961,1,0,0
1961,2,0,1
1962,1,0,0
1962,2,0,1
1963,1,0,0
1963,2,0,0
1964,1,0,1
1964,2,0,0
1965,1,0,0
1965,2,0,1
1966,1,0,0
1966,2,0,0
1967,1,0,0
1967,2,0,0
1968,1,0,0
1968,2,0,0
1969,1,0,0
1969,2,0,0
1970,1,0,1
1970,2,0,0
1971,1,0,1
1971,2,0,0
1972,1,0,0
1972,2,0,1
1973,1,0,0
1973,2,0,1
1974,1,0,1
1974,2,0,0
1975,1,0,0
1975,2,0,0
1976,1,0,0
1976,2,0,0
1977,1,0,1
1977,2,0,0
1978,1,0,0
1978,2,0,0
1979,1,0,0
1979,2,0,0
1980,1,0,0
1980,2,0,1
1981,1,0,0
1981,2,0,1
1982,1,0,0
1982,2,0,0
1983,1,0,1
1983,2,0,0
1984,1,0,1
1984,2,0,0
1985,1,0,0
1985,2,0,2
1986,1,0,1
1986,2,0,1
1987,1,0,0
1987,2,0,0
1988,1,0,1
1988,2,0,1
1989,1,0,0
1989,2,0,1
1990,1,0,0
1990,2,0,1
1991,1,0,0
1991,2,0,1
1992,1,0,0
1992,2,0,1
1993,1,0,1
1993,2,0,0
1994,1,0,0
1994,2,0,1
1995,1,0,0
1995,2,0,0
1996,1,0,1
1996,2,0,0
1997,1,0,0
1997,2,0,0
1998,1,0,0
1998,2,0,0
1999,1,0,1
1999,2,0,0
2000,1,0,0
2000,2,0,0
2001,1,0,2
2001,2,0,1
2002,1,0,0
2002,2,0,0
2003,1,0,0
2003,2,0,0
2004,1,0,0
2004,2,0,0
2005,1,0,0
2005,2,0,0
2006,1,0,0
2006,2,0,1
2007,1,0,0
2007,2,0,0
2008,1,0,0
2008,2,0,1
2009,1,0,0
2009,2,0,1
2010,1,0,1
2010,2,0,0
2011,1,0,0
2011,2,0,1
2012,1,0,1
2012,2,0,1
2013,1,0,1
2013,2,0,0
2014,1,0,2
2014,2,0,0
2015,1,0,0
2015,2,0,0
2016,1,0,0
2016,2,0,0
2017,1,0,0
2017,2,0,1
2018,1,0,1
2018,2,0,0
2019,1,0,0
2019,2,0,0
2020,1,0,0
2020,2,0,1
2021,1,0,0
2021,2,0,0
2022,1,0,0
2022,2,0,0
2023,1,0,1
2023,2,0,0
2024,1,0,0
2024,2,0,0
2025,1,0,0
2025,2,0,0
2026,1,0,0
2026,2,0,0
2027,1,0,0
2027,2,0,2
2028,1,0,0
2028,2,0,0
2029,1,0,0
2029,2,0,0
2030,1,0,1
2030,2,0,1
2031,1,0,0
2031,2,0,1
2032,1,0,3
2032,2,0,0
2033,1,0,1
2033,2,0,2
2034,1,0,1
2034,2,0,0
2035,1,0,1
2035,2,0,0
2036,1,0,2
2036,2,0,0
2037,1,0,2
2037,2,0,0
2038,1,0,1
2038,2,0,0
2039,1,0,3
2039,2,0,0
2040,1,0,1
2040,2,0,0
2041,1,0,1
2041,2,0,0
2042,1,0,2
2042,2,0,0
2043,1,0,2
2043,2,0,0
2044,1,0,2
2044,2,0,1
2045,1,0,0
2045,2,0,2
2046,1,0,0
2046,2,0,0
2047,1,0,1
2047,2,0,1
2048,1,0,0
2048,2,0,0
2049,1,0,1
2049,2,0,1
2050,1,0,0
2050,2,0,0
2051,1,0,1
2051,2,0,0
2052,1,0,0
2052,2,0,0
2053,1,0,0
2053,2,0,0
2054,1,0,1
2054,2,0,1
2055,1,0,0
2055,2,0,1
2056,1,0,2
2056,2,0,1
2057,1,0,0
2057,2,0,2
2058,1,0,0
2058,2,0,0
2059,1,0,0
2059,2,0,0
2060,1,0,0
2060,2,0,0
2061,1,0,1
2061,2,0,0
2062,1,0,0
2062,2,0,1
2063,1,0,1
2063,2,0,0
2064,1,0,1
2064,2,0,0
2065,1,0,0
2065,2,0,0
2066,1,0,0
2066,2,0,0
2067,1,0,0
2067,2,0,1
2068,1,0,2
2068,2,1,0
2069,1,0,1
2069,2,0,0
2070,1,0,1
2070,2,0,0
2071,1,0,1
2071,2,0,0
2072,1,0,1
2072,2,0,0
2073,1,0,1
2073,2,0,0
2074,1,0,0
2074,2,0,0
2075,1,0,0
2075,2,0,0
2076,1,0,0
2076,2,0,0
2077,1,0,0
2077,2,0,0
2078,1,0,0
2078,2,0,0
2079,1,0,0
2079,2,0,0
2080,1,0,0
2080,2,0,0
2081,1,0,0
2081,2,0,0
2082,1,0,0
2082,2,0,1
2083,1,0,0
2083,2,0,0
2084,1,0,1
2084,2,0,0
2085,1,0,1
2085,2,0,0
2086,1,0,0
2086,2,0,0
2087,1,0,0
2087,2,0,0
2088,1,0,1
2088,2,0,1
2089,1,0,0
2089,2,0,1
2090,1,0,1
2090,2,0,0
2091,1,0,0
2091,2,0,0
2092,1,0,0
2092,2,0,0
2093,1,0,0
2093,2,0,0
2094,1,0,0
2094,2,0,0
2095,1,0,1
2095,2,0,0
2096,1,0,1
2096,2,0,0
2097,1,0,0
2097,2,0,0
2098,1,0,0
2098,2,0,0
2099,1,0,1
2099,2,0,0
2100,1,0,1
2100,2,0,0
2101,1,0,2
2101,2,0,1
2102,1,0,0
2102,2,0,0
2103,1,0,0
2103,2,0,1
2104,1,0,1
2104,2,0,0
2105,1,0,1
2105,2,0,0
2106,1,0,2
2106,2,0,0
2107,1,0,0
2107,2,0,0
2108,1,0,1
2108,2,0,0
2109,1,0,0
2109,2,0,0
2110,1,0,0
2110,2,0,0
2111,1,0,1
2111,2,0,1
2112,1,0,0
2112,2,0,1
2113,1,0,1
2113,2,0,0
2114,1,0,1
2114,2,0,1
2115,1,0,1
2115,2,0,1
2116,1,0,1
2116,2,0,0
2117,1,0,0
2117,2,0,2
2118,1,0,0
2118,2,0,1
2119,1,0,0
2119,2,0,0
2120,1,0,0
2120,2,0,0
2121,1,0,0
2121,2,0,0
2122,1,0,0
2122,2,0,0
2123,1,0,0
2123,2,0,1
2124,1,0,0
2124,2,0,0
2125,1,0,1
2125,2,0,0
2126,1,0,0
2126,2,0,0
2127,1,0,1
2127,2,0,0
2128,1,0,2
2128,2,0,0
2129,1,0,3
2129,2,0,0
2130,1,0,2
2130,2,0,0
2131,1,0,0
2131,2,0,0
2132,1,0,2
2132,2,0,0
2133,1,0,1
2133,2,0,1
2134,1,0,0
2134,2,0,2
2135,1,0,0
2135,2,0,2
2136,1,0,0
2136,2,0,1
2137,1,0,0
2137,2,0,1
2138,1,0,0
2138,2,0,1
2139,1,0,0
2139,2,0,1
2140,1,0,1
2140,2,0,1
2141,1,0,0
2141,2,0,0
2142,1,0,0
2142,2,0,1
2143,1,0,0
2143,2,0,0
2144,1,0,0
2144,2,0,1
2145,1,0,0
2145,2,0,0
2146,1,0,0
2146,2,0,0
2147,1,0,0
2147,2,0,0
2148,1,0,0
2148,2,0,0
2149,1,0,1
2149,2,0,1
2150,1,0,0
2150,2,0,0
2151,1,0,0
2151,2,0,0
2152,1,0,1
2152,2,0,1
2153,1,0,1
2153,2,0,0
2154,1,0,0
2154,2,0,0
2155,1,0,1
2155,2,0,0
2156,1,0,0
2156,2,0,1
2157,1,0,0
2157,2,0,0
2158,1,0,0
2158,2,0,0
2159,1,0,0
2159,2,0,1
2160,1,0,0
2160,2,0,0
2161,1,0,0
2161,2,0,2
2162,1,0,0
2162,2,0,0
2163,1,0,0
2163,2,0,0
2164,1,0,0
2164,2,0,3
2165,1,0,1
2165,2,0,1
2166,1,0,0
2166,2,0,0
2167,1,0,0
2167,2,0,0
2168,1,0,0
2168,2,0,0
2169,1,0,0
2169,2,0,0
2170,1,0,2
2170,2,0,0
2171,1,0,0
2171,2,0,1
2172,1,0,0
2172,2,0,0
2173,1,0,0
2173,2,0,0
2174,1,0,0
2174,2,0,0
2175,1,0,0
2175,2,0,0
2176,1,0,0
2176,2,0,0
2177,1,0,0
2177,2,0,0
2178,1,0,1
2178,2,0,1
2179,1,0,0
2179,2,0,1
2180,1,0,1
2180,2,0,0
2181,1,0,1
2181,2,0,1
2182,1,0,0
2182,2,0,2
2183,1,0,1
2183,2,0,1
2184,1,0,0
2184,2,0,0
2185,1,0,0
2185,2,0,0
2186,1,0,1
2186,2,0,0
2187,1,0,0
2187,2,0,1
2188,1,0,0
2188,2,0,1
2189,1,0,2
2189,2,0,1
2190,1,0,3
2190,2,0,1
2191,1,0,1
2191,2,0,1
2192,1,0,0
2192,2,0,1
2193,1,0,0
2193,2,0,1
2194,1,0,0
2194,2,0,0
2195,1,0,0
2195,2,0,0
2196,1,0,0
2196,2,0,0
2197,1,0,2
2197,2,0,0
2198,1,0,1
2198,2,0,0
2199,1,0,1
2199,2,0,0
2200,1,0,1
2200,2,0,0
2201,1,0,0
2201,2,0,2
2202,1,0,0
2202,2,0,0
2203,1,0,0
2203,2,0,1
2204,1,0,1
2204,2,0,0
2205,1,0,2
2205,2,0,0
2206,1,0,0
2206,2,0,0
2207,1,0,0
2207,2,0,0
2208,1,0,0
2208,2,0,0
2209,1,0,1
2209,2,0,0
2210,1,0,0
2210,2,0,2
2211,1,0,1
2211,2,0,0
2212,1,0,1
2212,2,0,1
2213,1,0,0
2213,2,0,0
2214,1,0,0
2214,2,0,1
2215,1,0,0
2215,2,0,1
2216,1,0,1
2216,2,0,0
2217,1,0,1
2217,2,0,0
2218,1,0,0
2218,2,0,0
2219,1,0,1
2219,2,0,1
2220,1,0,0
2220,2,0,1
2221,1,0,0
2221,2,0,1
2222,1,0,0
2222,2,0,2
2223,1,0,2
2223,2,0,2
2224,1,0,0
2224,2,0,3
2225,1,0,1
2225,2,0,2
2226,1,0,1
2226,2,0,1
2227,1,0,3
2227,2,0,1
2228,1,0,2
2228,2,0,1
2229,1,0,3
2229,2,0,0
2230,1,0,1
2230,2,0,0
2231,1,0,0
2231,2,0,0
2232,1,0,0
2232,2,0,1
2233,1,0,0
2233,2,0,0
2234,1,0,0
2234,2,0,0
2235,1,0,2
2235,2,0,0
2236,1,0,2
2236,2,0,1
2237,1,0,3
2237,2,0,0
2238,1,0,1
2238,2,0,1
2239,1,0,0
2239,2,0,0
2240,1,0,1
2240,2,0,1
2241,1,0,0
2241,2,0,0
2242,1,0,1
2242,2,0,0
2243,1,0,0
2243,2,0,1
2244,1,0,0
2244,2,0,1
2245,1,0,0
2245,2,0,1
2246,1,0,1
2246,2,0,1
2247,1,0,0
2247,2,0,0
2248,1,0,0
2248,2,0,0
2249,1,0,0
2249,2,0,0
2250,1,0,3
2250,2,0,1
2251,1,0,1
2251,2,0,0
2252,1,0,1
2252,2,0,1
2253,1,0,0
2253,2,0,2
2254,1,0,1
2254,2,0,0
2255,1,0,0
2255,2,0,0
2256,1,0,0
2256,2,0,1
2257,1,0,0
2257,2,0,1
2258,1,0,0
2258,2,0,1
2259,1,0,0
2259,2,0,0
2260,1,0,0
2260,2,0,1
2261,1,0,0
2261,2,0,3
2262,1,0,0
2262,2,0,0
2263,1,0,0
2263,2,0,0
2264,1,0,0
2264,2,0,2
2265,1,0,0
2265,2,0,0
2266,1,0,0
2266,2,0,2
2267,1,0,1
2267,2,0,0
2268,1,0,2
2268,2,0,0
2269,1,0,0
2269,2,0,0
2270,1,0,0
2270,2,0,0
2271,1,0,0
2271,2,0,0
2272,1,0,1
2272,2,0,0
2273,1,0,0
2273,2,0,0
2274,1,0,1
2274,2,0,0
2275,1,0,0
2275,2,0,0
2276,1,0,0
2276,2,0,0
2277,1,0,1
2277,2,0,0
2278,1,0,0
2278,2,0,1
2279,1,0,1
2279,2,0,1
2280,1,0,0
2280,2,0,1
2281,1,0,1
2281,2,0,0
2282,1,0,0
2282,2,0,0
2283,1,0,0
2283,2,0,0
2284,1,0,0
2284,2,0,1
2285,1,0,0
2285,2,0,1
2286,1,0,0
2286,2,0,0
2287,1,0,0
2287,2,0,0
2288,1,0,0
2288,2,0,0
2289,1,0,0
2289,2,0,1
2290,1,0,0
2290,2,0,1
2291,1,0,0
2291,2,0,1
2292,1,0,1
2292,2,0,1
2293,1,0,1
2293,2,0,1
2294,1,0,0
2294,2,0,1
2295,1,0,0
2295,2,0,0
2296,1,0,0
2296,2,0,0
2297,1,0,1
2297,2,0,0
2298,1,0,0
2298,2,0,0
2299,1,0,1
2299,2,0,0
2300,1,0,0
2300,2,0,1
2301,1,0,1
2301,2,0,1
2302,1,0,0
2302,2,0,0
2303,1,0,1
2303,2,0,0
2304,1,0,0
2304,2,0,0
2305,1,0,1
2305,2,0,0
2306,1,0,2
2306,2,0,1
2307,1,0,2
2307,2,0,1
2308,1,0,2
2308,2,0,1
2309,1,0,1
2309,2,0,0
2310,1,0,0
2310,2,0,0
2311,1,0,0
2311,2,0,1
2312,1,0,1
2312,2,0,1
2313,1,0,0
2313,2,0,1
2314,1,0,0
2314,2,0,1
2315,1,0,0
2315,2,0,1
2316,1,0,1
2316,2,0,0
2317,1,0,1
2317,2,0,0
2318,1,0,0
2318,2,0,0
2319,1,0,2
2319,2,0,0
2320,1,0,0
2320,2,0,0
2321,1,0,0
2321,2,0,0
2322,1,0,0
2322,2,0,0
2323,1,0,2
2323,2,0,0
2324,1,0,1
2324,2,0,0
2325,1,0,0
2325,2,0,1
2326,1,0,1
2326,2,0,0
2327,1,0,0
2327,2,0,0
2328,1,0,0
2328,2,0,0
2329,1,0,0
2329,2,0,0
2330,1,0,0
2330,2,0,0
2331,1,0,0
2331,2,0,0
2332,1,0,1
2332,2,0,0
2333,1,0,0
2333,2,0,0
2334,1,0,0
2334,2,0,0
2335,1,0,0
2335,2,0,0
2336,1,0,0
2336,2,0,0
2337,1,0,1
2337,2,0,0
2338,1,0,0
2338,2,0,0
2339,1,0,1
2339,2,0,0
2340,1,0,1
2340,2,0,0
2341,1,0,1
2341,2,0,0
2342,1,0,1
2342,2,0,0
2343,1,0,0
2343,2,0,0
2344,1,0,1
2344,2,0,0
2345,1,0,0
2345,2,0,0
2346,1,0,0
2346,2,0,0
2347,1,0,0
2347,2,0,0
2348,1,0,0
2348,2,0,0
2349,1,0,0
2349,2,0,1
2350,1,0,0
2350,2,0,1
2351,1,0,0
2351,2,0,0
2352,1,0,1
2352,2,0,0
2353,1,0,1
2353,2,0,1
2354,1,0,0
2354,2,0,0
2355,1,0,0
2355,2,0,1
2356,1,0,0
2356,2,0,0
2357,1,0,0
2357,2,0,0
2358,1,0,0
2358,2,0,0
2359,1,0,0
2359,2,0,0
2360,1,0,3
2360,2,0,0
2361,1,0,1
2361,2,0,0
2362,1,0,3
2362,2,0,1
2363,1,0,2
2363,2,0,0
2364,1,0,1
2364,2,0,0
2365,1,0,1
2365,2,0,0
2366,1,0,1
2366,2,0,0
2367,1,0,0
2367,2,0,0
2368,1,0,1
2368,2,0,0
2369,1,0,1
2369,2,0,1
2370,1,0,1
2370,2,0,1
2371,1,0,0
2371,2,0,0
2372,1,0,1
2372,2,0,0
2373,1,0,1
2373,2,0,0
2374,1,0,0
2374,2,0,1
2375,1,0,1
2375,2,0,0
2376,1,0,1
2376,2,0,0
2377,1,0,1
2377,2,0,0
2378,1,0,0
2378,2,0,2
2379,1,0,2
2379,2,0,0
2380,1,0,2
2380,2,0,3
2381,1,0,0
2381,2,0,0
2382,1,0,0
2382,2,0,0
2383,1,0,1
2383,2,0,0
2384,1,0,1
2384,2,0,0
2385,1,0,2
2385,2,0,0
2386,1,0,3
2386,2,0,0
2387,1,0,1
2387,2,0,0
2388,1,0,2
2388,2,0,0
2389,1,0,1
2389,2,0,1
2390,1,0,1
2390,2,0,0
2391,1,0,2
2391,2,0,0
2392,1,0,0
2392,2,0,0
2393,1,0,1
2393,2,0,0
2394,1,0,0
2394,2,0,0
2395,1,0,2
2395,2,0,2
2396,1,0,1
2396,2,0,0
2397,1,0,1
2397,2,0,0
2398,1,0,1
2398,2,0,0
2399,1,0,1
2399,2,0,1
2400,1,0,0
2400,2,0,0
2401,1,0,0
2401,2,0,0
2402,1,0,0
2402,2,0,0
2403,1,0,0
2403,2,0,0
2404,1,0,0
2404,2,0,1
2405,1,0,0
2405,2,0,0
2406,1,0,0
2406,2,0,0
2407,1,0,0
2407,2,0,0
2408,1,0,0
2408,2,0,0
2409,1,0,0
2409,2,0,0
2410,1,0,0
2410,2,0,0
2411,1,0,0
2411,2,0,0
2412,1,0,0
2412,2,0,1
2413,1,0,1
2413,2,0,0
2414,1,0,0
2414,2,0,0
2415,1,0,0
2415,2,0,1
2416,1,0,1
2416,2,0,0
2417,1,0,0
2417,2,0,0
2418,1,0,0
2418,2,0,1
2419,1,0,0
2419,2,0,0
2420,1,0,0
2420,2,0,1
2421,1,0,0
2421,2,0,1
2422,1,0,0
2422,2,0,2
2423,1,0,0
2423,2,0,0
2424,1,0,0
2424,2,0,1
2425,1,0,0
2425,2,0,0
2426,1,0,1
2426,2,0,0
2427,1,0,0
2427,2,0,0
2428,1,0,0
2428,2,0,1
2429,1,0,1
2429,2,0,0
2430,1,0,1
2430,2,0,1
2431,1,0,1
2431,2,0,0
2432,1,0,1
2432,2,0,0
2433,1,0,0
2433,2,0,0
2434,1,0,2
2434,2,0,0
2435,1,0,1
2435,2,0,1
2436,1,0,1
2436,2,0,0
2437,1,0,1
2437,2,0,0
2438,1,0,2
2438,2,0,0
2439,1,0,1
2439,2,0,0
2440,1,0,0
2440,2,0,0
2441,1,0,1
2441,2,0,0
2442,1,0,1
2442,2,0,0
2443,1,0,2
2443,2,0,0
2444,1,0,3
2444,2,0,0
2445,1,0,0
2445,2,0,0
2446,1,0,1
2446,2,0,1
2447,1,0,1
2447,2,0,0
2448,1,0,1
2448,2,0,1
2449,1,0,1
2449,2,0,0
2450,1,0,1
2450,2,0,0
2451,1,0,1
2451,2,0,0
2452,1,0,2
2452,2,0,0
2453,1,0,1
2453,2,0,0
2454,1,0,1
2454,2,0,1
2455,1,0,1
2455,2,0,0
2456,1,0,1
2456,2,0,0
2457,1,0,0
2457,2,0,1
2458,1,0,1
2458,2,0,0
2459,1,0,2
2459,2,0,0
2460,1,0,0
2460,2,0,0
2461,1,0,0
2461,2,0,0
2462,1,0,1
2462,2,0,0
2463,1,0,1
2463,2,0,0
2464,1,0,0
2464,2,0,0
2465,1,0,0
2465,2,0,0
2466,1,0,0
2466,2,0,1
2467,1,0,1
2467,2,0,0
2468,1,0,1
2468,2,0,1
2469,1,0,1
2469,2,0,1
2470,1,0,0
2470,2,0,1
2471,1,0,0
2471,2,0,1
2472,1,0,0
2472,2,0,0
2473,1,0,1
2473,2,0,0
2474,1,0,1
2474,2,0,0
2475,1,0,0
2475,2,0,0
2476,1,0,0
2476,2,0,0
2477,1,0,0
2477,2,0,0
2478,1,0,1
2478,2,0,0
2479,1,0,1
2479,2,0,0
2480,1,0,1
2480,2,0,0
2481,1,0,1
2481,2,1,0
2482,1,0,1
2482,2,0,1
2483,1,1,1
2483,2,0,0
2484,1,0,2
2484,2,0,0
2485,1,0,1
2485,2,0,1
2486,1,0,2
2486,2,0,0
2487,1,0,1
2487,2,0,0
2488,1,0,2
2488,2,0,1
2489,1,0,1
2489,2,0,1
2490,1,0,1
2490,2,0,0
2491,1,0,1
2491,2,0,0
2492,1,0,2
2492,2,0,0
2493,1,0,1
2493,2,0,1
2494,1,0,0
2494,2,0,2
2495,1,0,1
2495,2,0,1
2496,1,0,0
2496,2,0,1
2497,1,0,1
2497,2,0,0
2498,1,0,2
2498,2,0,0
2499,1,0,1
2499,2,0,0
2500,1,0,0
2500,2,0,1
2501,1,0,0
2501,2,0,1
2502,1,0,0
2502,2,0,0
2503,1,0,0
2503,2,0,1
2504,1,0,0
2504,2,0,1
2505,1,0,0
2505,2,0,0
2506,1,0,1
2506,2,0,1
2507,1,0,0
2507,2,0,1
2508,1,0,0
2508,2,0,0
2509,1,0,0
2509,2,0,1
2510,1,0,0
2510,2,0,1
2511,1,0,0
2511,2,0,0
2512,1,0,0
2512,2,0,1
2513,1,0,0
2513,2,0,1
2514,1,0,0
2514,2,0,1
2515,1,0,1
2515,2,0,2
2516,1,0,0
2516,2,0,3
2517,1,0,0
2517,2,0,2
2518,1,0,0
2518,2,0,1
2519,1,0,0
2519,2,0,1
2520,1,0,0
2520,2,0,0
2521,1,0,0
2521,2,0,1
2522,1,0,0
2522,2,0,0
2523,1,0,0
2523,2,0,0
2524,1,0,0
2524,2,0,0
2525,1,0,2
2525,2,0,0
2526,1,0,1
2526,2,0,0
2527,1,0,0
2527,2,0,0
2528,1,0,0
2528,2,0,1
2529,1,0,0
2529,2,0,0
2530,1,0,1
2530,2,0,0
2531,1,0,0
2531,2,0,0
2532,1,0,0
2532,2,0,0
2533,1,0,1
2533,2,0,0
2534,1,0,2
2534,2,0,0
2535,1,0,0
2535,2,0,0
2536,1,0,2
2536,2,0,1
2537,1,0,1
2537,2,0,0
2538,1,0,1
2538,2,0,0
2539,1,0,1
2539,2,0,0
2540,1,0,0
2540,2,0,0
2541,1,0,1
2541,2,0,0
2542,1,0,0
2542,2,0,0
2543,1,0,0
2543,2,0,0
2544,1,0,0
2544,2,0,0
2545,1,0,0
2545,2,0,0
2546,1,0,1
2546,2,0,0
2547,1,0,0
2547,2,0,1
2548,1,0,0
2548,2,0,0
2549,1,0,0
2549,2,0,1
2550,1,0,0
2550,2,0,1
2551,1,0,0
2551,2,0,1
2552,1,0,0
2552,2,0,1
2553,1,0,1
2553,2,0,0
2554,1,0,0
2554,2,0,0
2555,1,0,1
2555,2,0,0
2556,1,0,0
2556,2,0,1
2557,1,0,0
2557,2,0,0
2558,1,0,0
2558,2,0,0
2559,1,0,0
2559,2,0,0
2560,1,0,1
2560,2,0,0
2561,1,0,0
2561,2,0,0
2562,1,0,0
2562,2,0,0
2563,1,0,0
2563,2,0,0
2564,1,0,0
2564,2,0,0
2565,1,0,0
2565,2,0,0
2566,1,0,0
2566,2,0,0
2567,1,0,0
2567,2,0,1
2568,1,0,0
2568,2,0,1
2569,1,0,0
2569,2,0,1
2570,1,0,1
2570,2,0,1
2571,1,0,2
2571,2,0,1
2572,1,0,1
2572,2,0,1
2573,1,0,1
2573,2,0,1
2574,1,0,1
2574,2,0,1
2575,1,0,1
2575,2,0,1
2576,1,0,1
2576,2,0,1
2577,1,0,0
2577,2,0,0
2578,1,0,1
2578,2,0,0
2579,1,0,1
2579,2,0,0
2580,1,0,0
2580,2,0,0
2581,1,0,0
2581,2,1,0
2582,1,0,0
2582,2,0,0
2583,1,0,0
2583,2,0,0
2584,1,0,0
2584,2,0,0
2585,1,0,0
2585,2,0,0
2586,1,0,0
2586,2,0,0
2587,1,0,1
2587,2,0,0
2588,1,0,0
2588,2,0,0
2589,1,0,1
2589,2,0,0
2590,1,0,0
2590,2,0,1
2591,1,0,1
2591,2,0,0
2592,1,0,0
2592,2,0,1
2593,1,0,0
2593,2,0,0
2594,1,0,1
2594,2,0,0
2595,1,0,1
2595,2,0,0
2596,1,0,0
2596,2,0,0
2597,1,0,0
2597,2,0,0
2598,1,0,0
2598,2,0,0
2599,1,0,0
2599,2,0,0
2600,1,0,0
2600,2,0,0
2601,1,0,0
2601,2,0,1
2602,1,0,0
2602,2,0,0
2603,1,0,0
2603,2,0,1
2604,1,0,0
2604,2,0,0
2605,1,0,0
2605,2,0,0
2606,1,0,0
2606,2,0,0
2607,1,0,0
2607,2,0,0
2608,1,0,2
2608,2,0,0
2609,1,0,1
2609,2,0,1
2610,1,0,0
2610,2,0,0
2611,1,0,0
2611,2,0,0
2612,1,0,2
2612,2,0,0
2613,1,0,0
2613,2,0,0
2614,1,0,0
2614,2,0,0
2615,1,0,0
2615,2,0,0
2616,1,0,1
2616,2,0,0
2617,1,0,0
2617,2,0,0
2618,1,0,1
2618,2,0,1
2619,1,0,1
2619,2,0,0
2620,1,0,0
2620,2,0,0
2621,1,0,3
2621,2,0,0
2622,1,0,1
2622,2,0,0
2623,1,0,0
2623,2,0,1
2624,1,0,0
2624,2,0,1
2625,1,0,0
2625,2,0,0
2626,1,0,0
2626,2,0,0
2627,1,0,0
2627,2,0,0
2628,1,0,0
2628,2,0,0
2629,1,0,0
2629,2,0,0
2630,1,0,0
2630,2,0,0
2631,1,0,1
2631,2,0,0
2632,1,0,1
2632,2,0,0
2633,1,0,1
2633,2,0,0
2634,1,0,0
2634,2,0,0
2635,1,0,1
2635,2,0,1
2636,1,0,0
2636,2,0,1
2637,1,0,0
2637,2,0,0
2638,1,0,0
2638,2,0,0
2639,1,0,0
2639,2,0,0
2640,1,0,1
2640,2,0,0
2641,1,0,1
2641,2,0,0
2642,1,0,1
2642,2,0,1
2643,1,0,0
2643,2,0,1
2644,1,0,0
2644,2,0,1
2645,1,0,0
2645,2,0,2
2646,1,0,0
2646,2,0,3
2647,1,0,0
2647,2,0,1
2648,1,0,1
2648,2,0,1
2649,1,0,1
2649,2,0,1
2650,1,0,0
2650,2,0,3
2651,1,0,0
2651,2,0,2
2652,1,0,2
2652,2,0,1
2653,1,0,0
2653,2,0,0
2654,1,0,1
2654,2,0,0
2655,1,0,0
2655,2,0,1
2656,1,0,0
2656,2,0,1
2657,1,0,1
2657,2,0,1
2658,1,0,1
2658,2,0,0
2659,1,0,1
2659,2,0,1
2660,1,0,0
2660,2,0,0
2661,1,0,0
2661,2,0,0
2662,1,0,1
2662,2,0,0
2663,1,0,1
2663,2,0,1
2664,1,0,0
2664,2,0,0
2665,1,0,0
2665,2,0,1
2666,1,0,0
2666,2,0,0
2667,1,0,0
2667,2,0,0
2668,1,0,0
2668,2,0,1
2669,1,0,0
2669,2,0,1
2670,1,0,1
2670,2,0,1
2671,1,0,0
2671,2,0,1
2672,1,0,0
2672,2,0,0
2673,1,0,0
2673,2,0,0
2674,1,0,0
2674,2,0,0
2675,1,0,0
2675,2,0,0
2676,1,0,0
2676,2,0,0
2677,1,0,0
2677,2,0,0
2678,1,0,0
2678,2,0,0
2679,1,0,1
2679,2,0,0
2680,1,0,0
2680,2,0,0
2681,1,0,0
2681,2,0,0
2682,1,0,1
2682,2,0,0
2683,1,0,1
2683,2,0,0
2684,1,0,1
2684,2,0,0
2685,1,0,0
2685,2,1,0
2686,1,0,1
2686,2,0,1
2687,1,0,0
2687,2,0,0
2688,1,0,0
2688,2,0,0
2689,1,0,0
2689,2,0,0
2690,1,0,0
2690,2,0,0
2691,1,0,0
2691,2,0,0
2692,1,0,0
2692,2,0,0
2693,1,0,1
2693,2,0,0
2694,1,0,0
2694,2,0,1
2695,1,0,0
2695,2,0,1
2696,1,0,0
2696,2,0,1
2697,1,0,0
2697,2,0,1
2698,1,0,0
2698,2,0,1
2699,1,0,0
2699,2,0,1
2700,1,0,0
2700,2,0,1
2701,1,0,0
2701,2,0,1
2702,1,0,1
2702,2,0,1
2703,1,0,0
2703,2,0,1
2704,1,0,0
2704,2,0,1
2705,1,0,1
2705,2,0,1
2706,1,0,0
2706,2,0,1
2707,1,0,0
2707,2,0,2
2708,1,0,0
2708,2,0,1
2709,1,0,1
2709,2,0,3
2710,1,0,0
2710,2,0,1
2711,1,0,1
2711,2,0,1
2712,1,0,0
2712,2,0,2
2713,1,0,0
2713,2,0,1
2714,1,0,0
2714,2,0,1
2715,1,0,0
2715,2,0,3
2716,1,0,0
2716,2,0,1
2717,1,0,0
2717,2,0,1
2718,1,0,0
2718,2,0,1
2719,1,0,0
2719,2,0,1
2720,1,0,0
2720,2,0,1
2721,1,0,0
2721,2,0,1
2722,1,0,0
2722,2,0,1
2723,1,0,0
2723,2,0,1
2724,1,0,0
2724,2,0,1
2725,1,0,0
2725,2,0,2
2726,1,0,0
2726,2,0,1
2727,1,0,0
2727,2,0,1
2728,1,0,0
2728,2,0,0
2729,1,0,0
2729,2,0,1
2730,1,0,0
2730,2,0,1
2731,1,0,0
2731,2,0,2
2732,1,0,0
2732,2,0,1
2733,1,0,0
2733,2,0,1
2734,1,0,1
2734,2,0,2
2735,1,0,1
2735,2,0,0
2736,1,0,1
2736,2,0,0
2737,1,0,0
2737,2,0,1
2738,1,0,0
2738,2,0,0
2739,1,0,0
2739,2,0,0
2740,1,0,2
2740,2,0,1
2741,1,0,0
2741,2,0,1
2742,1,0,0
2742,2,0,1
2743,1,0,0
2743,2,0,0
2744,1,0,1
2744,2,0,1
2745,1,0,0
2745,2,0,0
2746,1,0,1
2746,2,0,0
2747,1,0,1
2747,2,0,0
2748,1,0,1
2748,2,0,0
2749,1,0,0
2749,2,0,2
2750,1,0,0
2750,2,0,1
2751,1,0,0
2751,2,0,0
2752,1,0,0
2752,2,0,0
2753,1,0,0
2753,2,0,0
2754,1,0,0
2754,2,0,0
2755,1,0,0
2755,2,0,1
2756,1,0,0
2756,2,0,2
2757,1,0,0
2757,2,0,1
2758,1,0,0
2758,2,0,0
2759,1,0,0
2759,2,0,0
2760,1,0,0
2760,2,0,1
2761,1,0,1
2761,2,0,0
2762,1,0,0
2762,2,0,0
2763,1,0,0
2763,2,0,0
2764,1,0,0
2764,2,0,0
2765,1,0,0
2765,2,0,2
2766,1,0,0
2766,2,1,1
2767,1,0,0
2767,2,0,0
2768,1,0,0
2768,2,0,0
2769,1,0,0
2769,2,0,1
2770,1,0,0
2770,2,0,1
2771,1,0,0
2771,2,0,0
2772,1,0,0
2772,2,0,0
2773,1,0,0
2773,2,0,0
2774,1,0,0
2774,2,0,0
2775,1,0,0
2775,2,0,0
2776,1,0,1
2776,2,0,0
2777,1,0,0
2777,2,0,0
2778,1,0,1
2778,2,0,0
2779,1,0,0
2779,2,0,0
2780,1,0,0
2780,2,0,0
2781,1,0,0
2781,2,0,0
2782,1,0,1
2782,2,0,0
2783,1,0,2
2783,2,0,0
2784,1,0,1
2784,2,0,0
2785,1,0,0
2785,2,0,0
2786,1,0,0
2786,2,0,0
2787,1,0,0
2787,2,0,0
2788,1,0,0
2788,2,0,0
2789,1,0,0
2789,2,0,0
2790,1,0,0
2790,2,0,1
2791,1,0,0
2791,2,0,0
2792,1,0,1
2792,2,0,0
2793,1,0,0
2793,2,0,0
2794,1,0,0
2794,2,0,0
2795,1,0,0
2795,2,0,0
2796,1,0,0
2796,2,0,0
2797,1,0,0
2797,2,0,0
2798,1,0,0
2798,2,0,0
2799,1,0,1
2799,2,0,0
2800,1,0,0
2800,2,0,0
2801,1,0,1
2801,2,0,0
2802,1,0,3
2802,2,0,0
2803,1,0,1
2803,2,0,1
2804,1,0,0
2804,2,0,0
2805,1,0,0
2805,2,0,1
2806,1,0,0
2806,2,0,0
2807,1,0,0
2807,2,0,2
2808,1,0,0
2808,2,0,2
2809,1,0,1
2809,2,0,2
2810,1,0,0
2810,2,0,0
2811,1,0,0
2811,2,0,1
2812,1,0,1
2812,2,0,3
2813,1,0,0
2813,2,0,0
2814,1,0,1
2814,2,0,1
2815,1,0,0
2815,2,0,2
2816,1,0,0
2816,2,0,2
2817,1,0,0
2817,2,0,2
2818,1,0,0
2818,2,0,2
2819,1,0,0
2819,2,0,1
2820,1,0,0
2820,2,0,1
2821,1,0,0
2821,2,0,1
2822,1,0,0
2822,2,0,3
2823,1,0,1
2823,2,0,1
2824,1,0,1
2824,2,0,3
2825,1,0,1
2825,2,0,1
2826,1,0,1
2826,2,0,1
2827,1,0,1
2827,2,0,1
2828,1,0,1
2828,2,0,1
2829,1,0,1
2829,2,0,2
2830,1,0,1
2830,2,0,2
2831,1,0,0
2831,2,0,2
2832,1,0,1
2832,2,0,1
2833,1,0,0
2833,2,0,0
2834,1,0,0
2834,2,0,1
2835,1,0,0
2835,2,0,0
2836,1,0,1
2836,2,0,1
2837,1,0,0
2837,2,0,2
2838,1,0,0
2838,2,0,1
2839,1,0,0
2839,2,0,2
2840,1,0,0
2840,2,0,1
2841,1,0,0
2841,2,0,1
2842,1,0,0
2842,2,0,0
2843,1,0,0
2843,2,0,2
2844,1,0,0
2844,2,0,0
2845,1,0,0
2845,2,0,0
2846,1,0,0
2846,2,0,0
2847,1,0,1
2847,2,0,1
2848,1,0,0
2848,2,0,1
2849,1,0,0
2849,2,0,0
2850,1,0,0
2850,2,0,0
2851,1,0,1
2851,2,0,0
2852,1,0,0
2852,2,0,0
2853,1,0,1
2853,2,0,1
2854,1,0,0
2854,2,0,0
2855,1,0,0
2855,2,0,1
2856,1,0,1
2856,2,0,1
2857,1,0,0
2857,2,0,1
2858,1,0,1
2858,2,0,1
2859,1,0,0
2859,2,0,0
2860,1,0,0
2860,2,0,0
2861,1,0,1
2861,2,0,0
2862,1,0,1
2862,2,0,0
2863,1,0,0
2863,2,0,0
2864,1,0,0
2864,2,0,0
2865,1,0,1
2865,2,0,1
2866,1,0,0
2866,2,0,1
2867,1,0,0
2867,2,0,0
2868,1,0,0
2868,2,0,2
2869,1,0,0
2869,2,0,1
2870,1,0,0
2870,2,0,2
2871,1,0,1
2871,2,0,1
2872,1,0,0
2872,2,0,1
2873,1,0,0
2873,2,0,0
2874,1,0,0
2874,2,0,1
2875,1,0,0
2875,2,0,1
2876,1,0,0
2876,2,0,3
2877,1,0,1
2877,2,0,2
2878,1,0,0
2878,2,0,1
2879,1,0,0
2879,2,0,2
2880,1,0,0
2880,2,0,2
2881,1,0,0
2881,2,0,1
2882,1,0,0
2882,2,0,1
2883,1,0,0
2883,2,0,1
2884,1,0,1
2884,2,0,0
2885,1,0,1
2885,2,0,2
2886,1,0,0
2886,2,0,2
2887,1,0,0
2887,2,0,2
2888,1,0,0
2888,2,0,2
2889,1,0,0
2889,2,0,0
2890,1,0,0
2890,2,0,0
2891,1,0,0
2891,2,0,0
2892,1,0,0
2892,2,0,2
2893,1,0,0
2893,2,0,0
2894,1,0,0
2894,2,0,1
2895,1,0,1
2895,2,0,1
2896,1,0,1
2896,2,0,1
2897,1,0,1
2897,2,0,0
2898,1,0,1
2898,2,0,1
2899,1,0,0
2899,2,0,1
2900,1,0,0
2900,2,0,1
2901,1,0,0
2901,2,0,1
2902,1,0,1
2902,2,0,0
2903,1,0,0
2903,2,0,1
2904,1,0,0
2904,2,0,0
2905,1,0,0
2905,2,0,1
2906,1,0,1
2906,2,0,2
2907,1,0,0
2907,2,0,2
2908,1,0,0
2908,2,0,0
2909,1,0,0
2909,2,0,0
2910,1,0,0
2910,2,0,1
2911,1,0,0
2911,2,0,1
2912,1,0,1
2912,2,0,0
2913,1,0,0
2913,2,0,0
2914,1,0,1
2914,2,0,0
2915,1,0,0
2915,2,0,0
2916,1,0,2
2916,2,0,0
2917,1,0,0
2917,2,0,1
2918,1,0,0
2918,2,0,0
2919,1,0,0
2919,2,0,0
2920,1,0,0
2920,2,0,0
2921,1,0,0
2921,2,0,0
2922,1,0,0
2922,2,0,1
2923,1,0,0
2923,2,0,0
2924,1,0,0
2924,2,0,0
2925,1,0,0
2925,2,0,0
2926,1,0,1
2926,2,0,1
2927,1,0,0
2927,2,0,2
2928,1,0,0
2928,2,0,1
2929,1,0,0
2929,2,0,2
2930,1,0,1
2930,2,0,1
2931,1,0,0
2931,2,0,2
2932,1,0,0
2932,2,0,1
2933,1,0,1
2933,2,0,1
2934,1,0,0
2934,2,0,0
2935,1,0,0
2935,2,0,0
2936,1,0,0
2936,2,0,0
2937,1,0,0
2937,2,0,0
2938,1,0,0
2938,2,0,0
2939,1,0,0
2939,2,0,0
2940,1,0,1
2940,2,0,0
2941,1,0,0
2941,2,0,0
2942,1,0,1
2942,2,0,0
2943,1,0,1
2943,2,0,0
2944,1,0,0
2944,2,0,0
2945,1,0,1
2945,2,0,0
2946,1,0,0
2946,2,0,1
2947,1,0,1
2947,2,0,0
2948,1,0,2
2948,2,0,0
2949,1,0,0
2949,2,0,0
2950,1,0,0
2950,2,0,0
2951,1,0,0
2951,2,0,0
2952,1,0,2
2952,2,0,1
2953,1,0,0
2953,2,0,0
2954,1,0,0
2954,2,0,0
2955,1,0,0
2955,2,0,0
2956,1,0,0
2956,2,0,0
2957,1,0,1
2957,2,0,0
2958,1,0,0
2958,2,0,0
2959,1,0,1
2959,2,0,0
2960,1,0,1
2960,2,0,1
2961,1,0,0
2961,2,0,0
2962,1,0,0
2962,2,0,0
2963,1,0,0
2963,2,0,0
2964,1,0,1
2964,2,0,0
2965,1,0,0
2965,2,0,0
2966,1,0,1
2966,2,0,0
2967,1,0,1
2967,2,0,0
2968,1,0,0
2968,2,0,1
2969,1,0,1
2969,2,0,0
2970,1,0,0
2970,2,0,0
2971,1,0,1
2971,2,0,0
2972,1,0,0
2972,2,0,0
2973,1,0,0
2973,2,0,0
2974,1,0,0
2974,2,0,0
2975,1,0,0
2975,2,0,0
2976,1,0,1
2976,2,0,0
2977,1,0,1
2977,2,0,0
2978,1,0,0
2978,2,0,0
2979,1,0,0
2979,2,0,0
2980,1,0,1
2980,2,0,1
2981,1,0,1
2981,2,0,0
2982,1,0,0
2982,2,0,0
2983,1,0,0
2983,2,0,0
2984,1,0,0
2984,2,0,0
2985,1,0,1
2985,2,1,0
2986,1,0,0
2986,2,0,0
2987,1,0,0
2987,2,0,0
2988,1,0,0
2988,2,0,0
2989,1,0,0
2989,2,0,0
2990,1,0,0
2990,2,0,1
2991,1,0,1
2991,2,0,1
2992,1,0,2
2992,2,0,0
2993,1,0,0
2993,2,0,0
2994,1,0,0
2994,2,0,0
2995,1,0,0
2995,2,0,1
2996,1,0,2
2996,2,0,0
2997,1,0,0
2997,2,0,0
2998,1,0,0
2998,2,0,0
2999,1,0,1
2999,2,0,1
3000,1,0,0
3000,2,0,0
3001,1,0,0
3001,2,0,0
3002,1,0,0
3002,2,0,0
3003,1,0,0
3003,2,0,0
3004,1,0,0
3004,2,0,0
3005,1,0,0
3005,2,0,0
3006,1,0,0
3006,2,0,0
3007,1,0,1
3007,2,0,0
3008,1,0,0
3008,2,0,0
3009,1,0,1
3009,2,0,0
3010,1,0,0
3010,2,0,1
3011,1,0,1
3011,2,0,1
3012,1,0,0
3012,2,0,0
3013,1,0,0
3013,2,0,1
3014,1,0,1
3014,2,0,1
3015,1,0,1
3015,2,0,0
3016,1,0,1
3016,2,0,0
3017,1,0,1
3017,2,0,1
3018,1,0,0
3018,2,0,0
3019,1,0,0
3019,2,0,0
3020,1,0,0
3020,2,0,0
3021,1,0,0
3021,2,0,0
3022,1,0,0
3022,2,0,0
3023,1,0,0
3023,2,0,0
3024,1,0,0
3024,2,0,1
3025,1,0,0
3025,2,0,0
3026,1,0,0
3026,2,0,1
3027,1,0,0
3027,2,0,2
3028,1,0,0
3028,2,0,1
3029,1,0,0
3029,2,0,0
3030,1,0,0
3030,2,0,0
3031,1,0,0
3031,2,0,0
3032,1,0,0
3032,2,0,0
3033,1,0,0
3033,2,0,0
3034,1,0,1
3034,2,0,0
3035,1,0,0
3035,2,0,0
3036,1,0,0
3036,2,0,0
3037,1,0,0
3037,2,0,2
3038,1,0,0
3038,2,0,0
3039,1,0,1
3039,2,0,0
3040,1,0,0
3040,2,0,0
3041,1,0,0
3041,2,0,0
3042,1,0,0
3042,2,0,0
3043,1,0,0
3043,2,0,1
3044,1,0,0
3044,2,0,0
3045,1,0,0
3045,2,0,0
3046,1,0,0
3046,2,0,1
3047,1,0,1
3047,2,0,0
3048,1,0,0
3048,2,0,0
3049,1,0,0
3049,2,0,0
3050,1,0,0
3050,2,0,0
3051,1,0,0
3051,2,0,0
3052,1,0,0
3052,2,0,0
3053,1,0,0
3053,2,0,0
3054,1,0,0
3054,2,0,0
3055,1,0,0
3055,2,0,0
3056,1,0,0
3056,2,0,1
3057,1,0,0
3057,2,0,0
3058,1,0,0
3058,2,0,0
3059,1,1,0
3059,2,0,0
3060,1,0,1
3060,2,0,0
3061,1,0,2
3061,2,0,0
3062,1,0,1
3062,2,0,0
3063,1,0,0
3063,2,0,0
3064,1,0,1
3064,2,0,0
3065,1,0,0
3065,2,0,0
3066,1,0,1
3066,2,0,0
3067,1,0,0
3067,2,0,1
3068,1,0,0
3068,2,0,0
3069,1,0,0
3069,2,0,0
3070,1,0,0
3070,2,0,0
3071,1,0,1
3071,2,0,0
3072,1,0,0
3072,2,0,1
3073,1,0,0
3073,2,0,0
3074,1,0,0
3074,2,0,1
3075,1,0,1
3075,2,0,0
3076,1,0,0
3076,2,0,0
3077,1,0,0
3077,2,0,1
3078,1,0,0
3078,2,0,2
3079,1,0,0
3079,2,0,2
3080,1,0,0
3080,2,0,1
3081,1,0,0
3081,2,0,2
3082,1,0,0
3082,2,0,0
3083,1,0,0
3083,2,0,1
3084,1,0,0
3084,2,0,0
3085,1,0,0
3085,2,0,1
3086,1,0,0
3086,2,0,1
3087,1,0,0
3087,2,0,2
3088,1,0,0
3088,2,0,2
3089,1,0,0
3089,2,0,2
3090,1,0,0
3090,2,0,1
3091,1,0,0
3091,2,0,0
3092,1,0,1
3092,2,0,0
3093,1,0,1
3093,2,0,1
3094,1,0,0
3094,2,0,0
3095,1,0,1
3095,2,0,1
3096,1,0,0
3096,2,0,1
3097,1,0,0
3097,2,0,0
3098,1,0,0
3098,2,0,0
3099,1,0,0
3099,2,0,0
3100,1,0,1
3100,2,0,0
3101,1,0,1
3101,2,0,0
3102,1,0,1
3102,2,0,0
3103,1,0,0
3103,2,0,1
3104,1,0,1
3104,2,0,0
3105,1,0,1
3105,2,0,0
3106,1,0,1
3106,2,0,0
3107,1,0,0
3107,2,0,0
3108,1,0,1
3108,2,0,1
3109,1,0,0
3109,2,0,0
3110,1,0,0
3110,2,0,1
3111,1,0,1
3111,2,0,0
3112,1,0,1
3112,2,0,1
3113,1,0,1
3113,2,0,0
3114,1,0,0
3114,2,0,0
3115,1,0,1
3115,2,0,0
3116,1,0,1
3116,2,0,0
3117,1,0,0
3117,2,0,1
3118,1,0,0
3118,2,0,0
3119,1,0,0
3119,2,0,0
3120,1,0,0
3120,2,0,1
3121,1,0,0
3121,2,0,1
3122,1,0,0
3122,2,0,1
3123,1,0,1
3123,2,0,0
3124,1,0,0
3124,2,0,0
3125,1,0,1
3125,2,0,0
3126,1,0,0
3126,2,0,0
3127,1,0,0
3127,2,0,0
3128,1,0,0
3128,2,0,0
3129,1,0,1
3129,2,0,0
3130,1,0,0
3130,2,0,0
3131,1,0,0
3131,2,0,1
3132,1,0,1
3132,2,0,1
3133,1,0,0
3133,2,0,1
3134,1,0,0
3134,2,0,1
3135,1,0,0
3135,2,0,0
3136,1,0,0
3136,2,0,0
3137,1,0,0
3137,2,0,1
3138,1,0,0
3138,2,0,1
3139,1,0,1
3139,2,0,1
3140,1,0,0
3140,2,0,1
3141,1,0,0
3141,2,0,2
3142,1,0,0
3142,2,0,0
3143,1,0,0
3143,2,0,0
3144,1,0,0
3144,2,0,1
3145,1,0,0
3145,2,0,1
3146,1,0,0
3146,2,0,1
3147,1,0,0
3147,2,0,0
3148,1,0,1
3148,2,0,0
3149,1,0,0
3149,2,0,0
3150,1,0,0
3150,2,0,0
3151,1,0,0
3151,2,0,0
3152,1,0,0
3152,2,0,0
3153,1,0,0
3153,2,0,0
3154,1,0,0
3154,2,0,1
3155,1,0,0
3155,2,0,0
3156,1,0,0
3156,2,0,0
3157,1,0,0
3157,2,0,1
3158,1,0,0
3158,2,0,0
3159,1,0,1
3159,2,0,0
3160,1,0,0
3160,2,0,1
3161,1,0,0
3161,2,0,0
3162,1,0,0
3162,2,0,0
3163,1,0,0
3163,2,0,0
3164,1,0,0
3164,2,0,0
3165,1,0,0
3165,2,0,0
3166,1,0,0
3166,2,0,0
3167,1,0,1
3167,2,0,0
3168,1,0,0
3168,2,0,1
3169,1,0,0
3169,2,0,0
3170,1,0,0
3170,2,0,0
3171,1,0,0
3171,2,0,0
3172,1,0,0
3172,2,0,0
3173,1,0,0
3173,2,0,1
3174,1,0,0
3174,2,0,0
3175,1,0,1
3175,2,0,1
3176,1,0,1
3176,2,0,1
3177,1,0,0
3177,2,0,0
3178,1,0,1
3178,2,0,0
3179,1,0,2
3179,2,0,0
3180,1,0,0
3180,2,0,1
3181,1,0,1
3181,2,0,0
3182,1,0,0
3182,2,0,1
3183,1,0,1
3183,2,0,1
3184,1,0,0
3184,2,0,0
3185,1,0,1
3185,2,0,0
3186,1,0,0
3186,2,0,0
3187,1,0,1
3187,2,0,0
3188,1,0,0
3188,2,0,0
3189,1,0,0
3189,2,0,1
3190,1,0,0
3190,2,0,1
3191,1,0,0
3191,2,0,0
3192,1,0,2
3192,2,0,1
3193,1,0,0
3193,2,0,1
3194,1,0,1
3194,2,0,1
3195,1,0,0
3195,2,0,1
3196,1,0,0
3196,2,0,1
3197,1,0,0
3197,2,0,2
3198,1,0,0
3198,2,0,1
3199,1,0,0
3199,2,0,0
3200,1,0,0
3200,2,0,2
3201,1,0,1
3201,2,0,0
3202,1,0,0
3202,2,0,0
3203,1,0,0
3203,2,0,0
3204,1,0,1
3204,2,0,0
3205,1,0,0
3205,2,0,2
3206,1,0,0
3206,2,0,3
3207,1,0,1
3207,2,0,2
3208,1,0,0
3208,2,0,1
3209,1,0,0
3209,2,0,0
3210,1,0,0
3210,2,0,0
3211,1,0,0
3211,2,0,0
3212,1,0,0
3212,2,0,0
3213,1,0,0
3213,2,0,0
3214,1,0,1
3214,2,0,0
3215,1,0,0
3215,2,0,0
3216,1,0,0
3216,2,0,0
3217,1,0,0
3217,2,0,0
3218,1,0,0
3218,2,0,1
3219,1,0,0
3219,2,0,2
3220,1,0,1
3220,2,0,1
3221,1,0,1
3221,2,0,1
3222,1,0,0
3222,2,0,1
3223,1,0,0
3223,2,0,0
3224,1,0,1
3224,2,0,0
3225,1,0,0
3225,2,0,0
3226,1,0,1
3226,2,0,0
3227,1,0,0
3227,2,0,0
3228,1,0,0
3228,2,0,0
3229,1,0,1
3229,2,0,0
3230,1,0,0
3230,2,0,0
3231,1,0,0
3231,2,0,0
3232,1,0,0
3232,2,0,0
3233,1,0,0
3233,2,0,0
3234,1,0,2
3234,2,0,0
3235,1,0,1
3235,2,0,0
3236,1,0,0
3236,2,0,0
3237,1,0,3
3237,2,0,0
3238,1,0,0
3238,2,0,0
3239,1,0,0
3239,2,0,0
3240,1,0,1
3240,2,0,0
3241,1,0,0
3241,2,0,0
3242,1,0,0
3242,2,0,0
3243,1,0,1
3243,2,0,1
3244,1,0,1
3244,2,0,0
3245,1,0,1
3245,2,0,1
3246,1,0,0
3246,2,0,0
3247,1,0,2
3247,2,0,1
3248,1,0,1
3248,2,0,1
3249,1,0,0
3249,2,0,2
3250,1,0,0
3250,2,0,2
3251,1,0,1
3251,2,0,1
3252,1,0,1
3252,2,0,1
3253,1,0,2
3253,2,0,2
3254,1,0,1
3254,2,0,2
3255,1,0,1
3255,2,0,1
3256,1,0,0
3256,2,0,1
3257,1,0,2
3257,2,0,0
3258,1,0,0
3258,2,0,0
3259,1,0,2
3259,2,0,0
3260,1,0,0
3260,2,0,0
3261,1,0,0
3261,2,0,0
3262,1,1,1
3262,2,0,1
3263,1,0,0
3263,2,0,1
3264,1,0,1
3264,2,0,1
3265,1,0,0
3265,2,0,0
3266,1,0,0
3266,2,0,1
3267,1,0,0
3267,2,0,0
3268,1,0,0
3268,2,1,1
3269,1,0,1
3269,2,0,0
3270,1,0,1
3270,2,0,0
3271,1,0,0
3271,2,0,0
3272,1,0,0
3272,2,0,1
3273,1,0,1
3273,2,0,1
3274,1,0,0
3274,2,0,1
3275,1,0,0
3275,2,0,1
3276,1,0,1
3276,2,0,1
3277,1,0,0
3277,2,0,1
3278,1,0,0
3278,2,0,2
3279,1,0,0
3279,2,0,0
3280,1,0,0
3280,2,0,1
3281,1,0,2
3281,2,0,0
3282,1,0,0
3282,2,0,0
3283,1,0,0
3283,2,0,1
3284,1,0,1
3284,2,0,0
3285,1,0,0
3285,2,0,0
3286,1,0,0
3286,2,0,1
3287,1,0,0
3287,2,0,1
3288,1,0,0
3288,2,0,1
3289,1,0,1
3289,2,0,0
3290,1,0,1
3290,2,0,0
3291,1,0,0
3291,2,0,0
3292,1,0,0
3292,2,0,0
3293,1,0,0
3293,2,0,1
3294,1,0,0
3294,2,0,2
3295,1,0,0
3295,2,0,1
3296,1,0,0
3296,2,0,1
3297,1,0,0
3297,2,0,1
3298,1,0,0
3298,2,0,1
3299,1,0,0
3299,2,0,1
3300,1,0,0
3300,2,0,1
3301,1,0,0
3301,2,0,1
3302,1,0,0
3302,2,0,1
3303,1,0,0
3303,2,0,0
3304,1,0,0
3304,2,0,1
3305,1,0,0
3305,2,0,1
3306,1,0,3
3306,2,0,2
3307,1,0,2
3307,2,0,1
3308,1,0,0
3308,2,0,1
3309,1,0,1
3309,2,0,1
3310,1,0,0
3310,2,0,2
3311,1,0,0
3311,2,0,1
3312,1,0,0
3312,2,0,1
3313,1,0,0
3313,2,0,1
3314,1,0,2
3314,2,0,1
3315,1,0,0
3315,2,0,1
3316,1,0,0
3316,2,0,1
3317,1,0,1
3317,2,0,2
3318,1,0,0
3318,2,0,2
3319,1,0,0
3319,2,0,2
3320,1,0,0
3320,2,0,2
3321,1,0,1
3321,2,0,2
3322,1,0,1
3322,2,0,1
3323,1,0,1
3323,2,0,1
3324,1,0,0
3324,2,0,1
3325,1,0,1
3325,2,0,1
3326,1,0,0
3326,2,0,1
3327,1,0,0
3327,2,0,1
3328,1,0,0
3328,2,0,1
3329,1,0,1
3329,2,0,1
3330,1,0,1
3330,2,0,1
3331,1,0,0
3331,2,0,1
3332,1,0,1
3332,2,0,2
3333,1,0,0
3333,2,0,1
3334,1,0,1
3334,2,0,0
3335,1,0,1
3335,2,0,0
3336,1,0,1
3336,2,0,0
3337,1,0,1
3337,2,0,1
3338,1,0,0
3338,2,0,1
3339,1,0,0
3339,2,0,3
3340,1,0,0
3340,2,0,0
3341,1,0,1
3341,2,0,1
3342,1,0,0
3342,2,0,0
3343,1,0,0
3343,2,0,0
3344,1,0,2
3344,2,0,0
3345,1,0,0
3345,2,0,0
3346,1,0,0
3346,2,0,1
3347,1,0,0
3347,2,0,0
3348,1,0,0
3348,2,0,0
3349,1,0,1
3349,2,0,0
3350,1,0,2
3350,2,0,0
3351,1,0,0
3351,2,0,0
3352,1,0,0
3352,2,0,0
3353,1,0,0
3353,2,0,0
3354,1,0,1
3354,2,0,0
3355,1,0,0
3355,2,0,0
3356,1,0,1
3356,2,0,0
3357,1,0,0
3357,2,0,1
3358,1,0,1
3358,2,0,0
3359,1,0,1
3359,2,0,0
3360,1,0,1
3360,2,0,0
3361,1,0,0
3361,2,0,0
3362,1,0,0
3362,2,0,0
3363,1,0,1
3363,2,0,0
3364,1,0,0
3364,2,0,1
3365,1,0,0
3365,2,0,0
3366,1,0,0
3366,2,0,1
3367,1,0,0
3367,2,0,0
3368,1,0,0
3368,2,0,0
3369,1,0,0
3369,2,0,1
3370,1,0,0
3370,2,0,1
3371,1,0,1
3371,2,0,1
3372,1,1,0
3372,2,0,1
3373,1,0,0
3373,2,0,1
3374,1,0,0
3374,2,0,0
3375,1,0,2
3375,2,0,0
3376,1,0,1
3376,2,0,0
3377,1,0,1
3377,2,0,1
3378,1,0,1
3378,2,0,0
3379,1,0,1
3379,2,0,0
3380,1,0,1
3380,2,0,0
3381,1,0,1
3381,2,0,2
3382,1,0,2
3382,2,0,0
3383,1,0,1
3383,2,0,1
3384,1,0,1
3384,2,0,1
3385,1,0,1
3385,2,0,1
3386,1,0,2
3386,2,0,0
3387,1,0,3
3387,2,0,0
3388,1,0,0
3388,2,0,0
3389,1,0,0
3389,2,0,1
3390,1,0,0
3390,2,0,0
3391,1,0,0
3391,2,0,0
3392,1,0,0
3392,2,0,0
3393,1,0,0
3393,2,0,0
3394,1,0,1
3394,2,0,0
3395,1,0,0
3395,2,0,0
3396,1,0,1
3396,2,0,0
3397,1,0,0
3397,2,0,0
3398,1,0,0
3398,2,0,0
3399,1,0,1
3399,2,0,1
3400,1,0,0
3400,2,0,1
3401,1,0,1
3401,2,0,1
3402,1,0,0
3402,2,0,1
3403,1,0,0
3403,2,0,1
3404,1,0,0
3404,2,0,1
3405,1,0,0
3405,2,0,1
3406,1,0,0
3406,2,0,2
3407,1,0,0
3407,2,0,1
3408,1,0,0
3408,2,0,2
3409,1,0,0
3409,2,0,2
3410,1,0,0
3410,2,0,1
3411,1,0,0
3411,2,0,1
3412,1,0,0
3412,2,0,0
3413,1,0,1
3413,2,0,0
3414,1,0,0
3414,2,0,1
3415,1,0,1
3415,2,0,1
3416,1,0,0
3416,2,0,0
3417,1,0,0
3417,2,0,0
3418,1,0,0
3418,2,0,0
3419,1,0,0
3419,2,0,0
3420,1,0,1
3420,2,0,0
3421,1,0,0
3421,2,0,1
3422,1,0,0
3422,2,0,0
3423,1,0,0
3423,2,0,0
3424,1,0,0
3424,2,0,0
3425,1,0,1
3425,2,0,0
3426,1,0,0
3426,2,0,0
3427,1,0,1
3427,2,0,2
3428,1,0,0
3428,2,0,0
3429,1,0,0
3429,2,0,1
3430,1,0,0
3430,2,0,1
3431,1,0,0
3431,2,0,0
3432,1,0,0
3432,2,0,0
3433,1,0,0
3433,2,0,3
3434,1,0,1
3434,2,0,0
3435,1,0,0
3435,2,0,0
3436,1,0,0
3436,2,0,0
3437,1,0,0
3437,2,0,0
3438,1,0,0
3438,2,0,2
3439,1,0,0
3439,2,0,0
3440,1,0,0
3440,2,0,0
3441,1,0,0
3441,2,0,0
3442,1,0,0
3442,2,0,0
3443,1,0,0
3443,2,0,0
3444,1,0,0
3444,2,0,0
3445,1,0,0
3445,2,0,0
3446,1,0,1
3446,2,0,0
3447,1,0,0
3447,2,0,0
3448,1,0,0
3448,2,0,0
3449,1,0,0
3449,2,0,0
3450,1,0,0
3450,2,0,0
3451,1,0,0
3451,2,0,0
3452,1,0,0
3452,2,0,0
3453,1,0,0
3453,2,0,0
3454,1,0,1
3454,2,0,1
3455,1,0,0
3455,2,0,1
3456,1,0,1
3456,2,0,0
3457,1,0,0
3457,2,0,1
3458,1,0,1
3458,2,0,0
3459,1,0,0
3459,2,0,0
3460,1,0,2
3460,2,0,1
3461,1,0,0
3461,2,0,0
3462,1,0,0
3462,2,0,1
3463,1,0,2
3463,2,0,0
3464,1,0,1
3464,2,0,1
3465,1,0,0
3465,2,0,1
3466,1,0,1
3466,2,0,1
3467,1,0,0
3467,2,0,1
3468,1,0,0
3468,2,0,2
3469,1,0,1
3469,2,0,2
3470,1,0,0
3470,2,0,1
3471,1,0,0
3471,2,0,1
3472,1,0,0
3472,2,0,1
3473,1,0,0
3473,2,0,0
3474,1,0,0
3474,2,0,3
3475,1,0,0
3475,2,0,1
3476,1,0,0
3476,2,0,1
3477,1,0,0
3477,2,0,2
3478,1,0,0
3478,2,0,1
3479,1,0,0
3479,2,0,1
3480,1,0,0
3480,2,0,1
3481,1,0,0
3481,2,0,1
3482,1,1,2
3482,2,0,1
3483,1,0,0
3483,2,0,1
3484,1,0,1
3484,2,0,1
3485,1,0,1
3485,2,0,0
3486,1,0,0
3486,2,0,1
3487,1,0,0
3487,2,0,0
3488,1,0,1
3488,2,0,1
3489,1,0,0
3489,2,0,0
3490,1,0,0
3490,2,0,0
3491,1,0,0
3491,2,0,0
3492,1,0,0
3492,2,0,0
3493,1,0,0
3493,2,0,0
3494,1,0,1
3494,2,0,0
3495,1,0,0
3495,2,1,0
3496,1,0,0
3496,2,0,0
3497,1,0,0
3497,2,0,0
3498,1,0,0
3498,2,1,0
3499,1,0,0
3499,2,0,0
3500,1,0,0
3500,2,0,1
3501,1,0,0
3501,2,0,0
3502,1,0,0
3502,2,0,0
3503,1,0,0
3503,2,0,0
3504,1,0,0
3504,2,0,1
3505,1,0,0
3505,2,0,0
3506,1,0,0
3506,2,0,0
3507,1,0,0
3507,2,1,0
3508,1,0,0
3508,2,0,0
3509,1,0,0
3509,2,0,1
3510,1,0,0
3510,2,0,0
3511,1,0,0
3511,2,0,0
3512,1,0,0
3512,2,0,0
3513,1,0,1
3513,2,0,1
3514,1,0,0
3514,2,0,1
3515,1,0,0
3515,2,0,0
3516,1,0,0
3516,2,0,2
3517,1,0,0
3517,2,0,0
3518,1,0,1
3518,2,0,0
3519,1,0,0
3519,2,0,0
3520,1,0,1
3520,2,0,0
3521,1,0,0
3521,2,0,0
3522,1,0,0
3522,2,0,0
3523,1,0,1
3523,2,0,0
3524,1,0,0
3524,2,0,0
3525,1,0,0
3525,2,0,0
3526,1,0,0
3526,2,0,0
3527,1,0,0
3527,2,0,0
3528,1,0,0
3528,2,0,0
3529,1,0,0
3529,2,0,0
3530,1,0,1
3530,2,0,1
3531,1,0,0
3531,2,0,0
3532,1,0,0
3532,2,0,0
3533,1,0,0
3533,2,0,1
3534,1,0,0
3534,2,0,0
3535,1,0,0
3535,2,0,0
3536,1,0,0
3536,2,0,1
3537,1,0,0
3537,2,0,0
3538,1,0,1
3538,2,0,0
3539,1,0,0
3539,2,0,0
3540,1,0,0
3540,2,0,0
3541,1,0,0
3541,2,0,0
3542,1,0,1
3542,2,0,0
3543,1,0,0
3543,2,0,0
3544,1,0,0
3544,2,0,0
3545,1,0,0
3545,2,1,1
3546,1,0,0
3546,2,0,0
3547,1,0,0
3547,2,0,0
3548,1,0,0
3548,2,0,1
3549,1,0,1
3549,2,0,1
3550,1,0,1
3550,2,0,2
3551,1,0,1
3551,2,0,0
3552,1,0,1
3552,2,0,1
3553,1,0,0
3553,2,0,0
3554,1,0,1
3554,2,0,1
3555,1,0,1
3555,2,0,1
3556,1,0,1
3556,2,0,0
3557,1,0,0
3557,2,0,0
3558,1,0,0
3558,2,0,1
3559,1,0,1
3559,2,0,1
3560,1,0,0
3560,2,0,0
3561,1,0,1
3561,2,0,0
3562,1,0,0
3562,2,0,2
3563,1,1,0
3563,2,0,1
3564,1,0,0
3564,2,0,0
3565,1,0,1
3565,2,0,0
3566,1,0,1
3566,2,0,0
3567,1,0,2
3567,2,0,0
3568,1,0,1
3568,2,0,0
3569,1,0,1
3569,2,0,0
3570,1,0,2
3570,2,0,0
3571,1,0,1
3571,2,0,0
3572,1,0,0
3572,2,0,0
3573,1,0,0
3573,2,0,0
3574,1,0,1
3574,2,0,0
3575,1,0,1
3575,2,0,0
3576,1,0,0
3576,2,0,0
3577,1,0,0
3577,2,0,0
3578,1,0,0
3578,2,0,0
3579,1,0,0
3579,2,0,1
3580,1,0,0
3580,2,0,0
3581,1,0,0
3581,2,0,1
3582,1,0,0
3582,2,0,0
3583,1,0,0
3583,2,0,0
3584,1,0,1
3584,2,0,0
3585,1,0,0
3585,2,0,1
3586,1,0,0
3586,2,0,0
3587,1,0,0
3587,2,0,1
3588,1,0,1
3588,2,0,0
3589,1,0,0
3589,2,0,0
3590,1,0,0
3590,2,0,1
3591,1,0,1
3591,2,0,0
3592,1,0,0
3592,2,0,0
3593,1,0,0
3593,2,0,0
3594,1,0,0
3594,2,0,1
3595,1,0,1
3595,2,0,2
3596,1,0,0
3596,2,0,1
3597,1,0,0
3597,2,0,0
3598,1,0,0
3598,2,0,0
3599,1,0,0
3599,2,0,0
3600,1,0,0
3600,2,0,0
3601,1,0,0
3601,2,0,0
3602,1,0,0
3602,2,0,0
3603,1,0,0
3603,2,0,1
3604,1,0,0
3604,2,0,1
3605,1,0,0
3605,2,0,1
3606,1,0,0
3606,2,0,1
3607,1,0,0
3607,2,0,0
3608,1,0,0
3608,2,0,0
3609,1,0,0
3609,2,0,0
3610,1,0,1
3610,2,0,0
3611,1,0,2
3611,2,0,0
3612,1,0,1
3612,2,0,1
3613,1,0,0
3613,2,0,1
3614,1,0,1
3614,2,0,1
3615,1,0,0
3615,2,0,1
3616,1,0,2
3616,2,0,0
3617,1,0,2
3617,2,0,1
3618,1,0,2
3618,2,0,1
3619,1,0,2
3619,2,0,0
3620,1,0,1
3620,2,0,0
3621,1,0,2
3621,2,0,0
3622,1,0,1
3622,2,0,1
3623,1,0,1
3623,2,0,0
3624,1,0,0
3624,2,0,1
3625,1,0,0
3625,2,0,1
3626,1,0,1
3626,2,0,0
3627,1,0,2
3627,2,0,1
3628,1,0,1
3628,2,0,0
3629,1,0,1
3629,2,0,0
3630,1,0,1
3630,2,0,0
3631,1,0,0
3631,2,0,0
3632,1,0,0
3632,2,0,0
3633,1,0,0
3633,2,0,0
3634,1,0,0
3634,2,0,0
3635,1,0,1
3635,2,0,0
3636,1,0,0
3636,2,0,0
3637,1,0,0
3637,2,0,0
3638,1,0,0
3638,2,0,0
3639,1,0,1
3639,2,0,0
3640,1,0,0
3640,2,0,0
3641,1,0,1
3641,2,0,0
3642,1,0,0
3642,2,0,1
3643,1,0,1
3643,2,0,0
3644,1,0,0
3644,2,0,0
3645,1,0,0
3645,2,0,0
3646,1,0,1
3646,2,0,0
3647,1,0,0
3647,2,0,0
3648,1,0,1
3648,2,0,0
3649,1,0,0
3649,2,0,0
3650,1,0,0
3650,2,0,0
3651,1,0,1
3651,2,0,0
3652,1,0,1
3652,2,0,0
3653,1,0,1
3653,2,0,0
3654,1,0,1
3654,2,0,0
3655,1,0,1
3655,2,0,1
3656,1,0,0
3656,2,0,1
3657,1,0,1
3657,2,0,1
3658,1,0,0
3658,2,0,0
3659,1,0,1
3659,2,0,0
3660,1,0,0
3660,2,0,0
3661,1,0,0
3661,2,0,0
3662,1,0,1
3662,2,0,0
3663,1,0,0
3663,2,0,0
3664,1,0,0
3664,2,0,0
3665,1,0,0
3665,2,0,0
3666,1,0,1
3666,2,0,0
3667,1,0,0
3667,2,0,0
3668,1,0,0
3668,2,0,0
3669,1,0,0
3669,2,0,0
3670,1,0,0
3670,2,0,0
3671,1,0,0
3671,2,0,0
3672,1,0,1
3672,2,0,0
3673,1,0,0
3673,2,0,0
3674,1,0,0
3674,2,0,2
3675,1,0,2
3675,2,0,1
3676,1,0,0
3676,2,0,1
3677,1,0,0
3677,2,0,0
3678,1,0,0
3678,2,0,0
3679,1,0,0
3679,2,0,0
3680,1,0,0
3680,2,0,0
3681,1,0,1
3681,2,0,0
3682,1,0,0
3682,2,0,1
3683,1,0,1
3683,2,0,0
3684,1,0,1
3684,2,0,0
3685,1,0,2
3685,2,0,1
3686,1,0,2
3686,2,0,0
3687,1,0,1
3687,2,0,0
3688,1,0,1
3688,2,0,1
3689,1,0,0
3689,2,0,1
3690,1,0,1
3690,2,0,0
3691,1,0,0
3691,2,0,0
3692,1,0,0
3692,2,0,0
3693,1,0,0
3693,2,0,0
3694,1,0,0
3694,2,0,1
3695,1,0,2
3695,2,0,0
3696,1,0,1
3696,2,0,0
3697,1,0,1
3697,2,0,0
3698,1,0,1
3698,2,0,0
3699,1,0,1
3699,2,0,0
3700,1,0,1
3700,2,0,0
3701,1,0,1
3701,2,0,0
3702,1,0,0
3702,2,0,0
3703,1,0,0
3703,2,0,0
3704,1,0,2
3704,2,0,0
3705,1,0,2
3705,2,0,1
3706,1,0,1
3706,2,0,0
3707,1,0,1
3707,2,0,1
3708,1,0,2
3708,2,0,0
3709,1,0,1
3709,2,0,0
3710,1,0,1
3710,2,0,0
3711,1,0,0
3711,2,0,0
3712,1,0,0
3712,2,0,0
3713,1,0,0
3713,2,0,1
3714,1,0,0
3714,2,0,0
3715,1,0,0
3715,2,0,1
3716,1,0,0
3716,2,0,0
3717,1,0,1
3717,2,0,0
3718,1,0,1
3718,2,0,0
3719,1,0,1
3719,2,0,1
3720,1,0,0
3720,2,0,1
3721,1,0,0
3721,2,0,0
3722,1,0,0
3722,2,0,0
3723,1,1,0
3723,2,0,2
3724,1,0,0
3724,2,0,0
3725,1,0,1
3725,2,0,0
3726,1,0,0
3726,2,0,0
3727,1,0,2
3727,2,0,0
3728,1,0,0
3728,2,0,0
3729,1,0,0
3729,2,0,1
3730,1,0,0
3730,2,0,0
3731,1,0,0
3731,2,0,0
3732,1,0,1
3732,2,0,0
3733,1,0,1
3733,2,0,0
3734,1,0,1
3734,2,0,1
3735,1,0,1
3735,2,0,0
3736,1,0,0
3736,2,0,1
3737,1,0,1
3737,2,0,0
3738,1,0,0
3738,2,0,0
3739,1,0,0
3739,2,0,0
3740,1,0,0
3740,2,0,0
3741,1,0,0
3741,2,0,1
3742,1,0,0
3742,2,0,0
3743,1,0,0
3743,2,0,1
3744,1,0,1
3744,2,0,2
3745,1,0,2
3745,2,0,0
3746,1,0,0
3746,2,0,0
3747,1,0,0
3747,2,0,0
3748,1,0,0
3748,2,0,0
3749,1,0,0
3749,2,0,0
3750,1,0,0
3750,2,0,0
3751,1,0,0
3751,2,0,0
3752,1,0,1
3752,2,0,0
3753,1,0,0
3753,2,0,0
3754,1,0,1
3754,2,0,0
3755,1,0,0
3755,2,0,0
3756,1,0,1
3756,2,0,0
3757,1,0,1
3757,2,0,0
3758,1,0,0
3758,2,0,0
3759,1,0,0
3759,2,0,1
3760,1,0,0
3760,2,0,0
3761,1,0,1
3761,2,0,1
3762,1,0,0
3762,2,0,1
3763,1,0,0
3763,2,0,1
3764,1,0,0
3764,2,0,0
3765,1,0,0
3765,2,0,0
3766,1,0,0
3766,2,0,0
3767,1,0,0
3767,2,0,0
3768,1,0,0
3768,2,0,1
3769,1,0,0
3769,2,0,0
3770,1,0,0
3770,2,0,0
3771,1,0,0
3771,2,0,0
3772,1,0,0
3772,2,0,1
3773,1,0,0
3773,2,0,1
3774,1,0,0
3774,2,0,1
3775,1,0,1
3775,2,0,2
3776,1,0,0
3776,2,0,1
3777,1,0,1
3777,2,0,1
3778,1,0,0
3778,2,0,1
3779,1,0,0
3779,2,0,0
3780,1,0,0
3780,2,0,1
3781,1,0,0
3781,2,0,0
3782,1,0,0
3782,2,0,0
3783,1,0,0
3783,2,0,0
3784,1,0,1
3784,2,0,0
3785,1,0,0
3785,2,0,0
3786,1,0,0
3786,2,0,0
3787,1,0,0
3787,2,0,1
3788,1,0,0
3788,2,0,0
3789,1,0,1
3789,2,0,0
3790,1,0,1
3790,2,0,1
3791,1,0,1
3791,2,0,1
3792,1,0,1
3792,2,0,0
3793,1,0,1
3793,2,0,0
3794,1,0,1
3794,2,0,0
3795,1,0,1
3795,2,0,0
3796,1,0,0
3796,2,0,1
3797,1,0,0
3797,2,0,0
3798,1,0,0
3798,2,0,0
3799,1,0,0
3799,2,0,0
3800,1,0,0
3800,2,0,1
3801,1,0,0
3801,2,0,0
3802,1,0,0
3802,2,0,0
3803,1,0,0
3803,2,0,0
3804,1,0,0
3804,2,0,1
3805,1,0,0
3805,2,0,0
3806,1,0,0
3806,2,0,0
3807,1,0,1
3807,2,0,1
3808,1,0,0
3808,2,0,0
3809,1,0,0
3809,2,0,0
3810,1,0,0
3810,2,0,1
3811,1,0,0
3811,2,0,0
3812,1,0,1
3812,2,0,0
3813,1,0,0
3813,2,0,1
3814,1,0,0
3814,2,0,0
3815,1,0,0
3815,2,0,2
3816,1,0,0
3816,2,0,0
3817,1,0,0
3817,2,0,0
3818,1,0,0
3818,2,0,0
3819,1,0,0
3819,2,0,1
3820,1,0,0
3820,2,0,0
3821,1,0,0
3821,2,0,0
3822,1,0,0
3822,2,0,0
3823,1,0,0
3823,2,0,0
3824,1,0,0
3824,2,0,0
3825,1,0,0
3825,2,0,1
3826,1,0,0
3826,2,0,0
3827,1,0,0
3827,2,0,0
3828,1,0,0
3828,2,0,0
3829,1,0,0
3829,2,0,1
3830,1,0,0
3830,2,0,0
3831,1,0,1
3831,2,0,0
3832,1,0,0
3832,2,0,1
3833,1,0,0
3833,2,0,1
3834,1,0,0
3834,2,0,0
3835,1,0,0
3835,2,0,0
3836,1,0,0
3836,2,0,1
3837,1,0,1
3837,2,0,1
3838,1,0,0
3838,2,0,0
3839,1,0,0
3839,2,0,2
3840,1,0,1
3840,2,0,1
3841,1,0,0
3841,2,0,0
3842,1,0,0
3842,2,0,0
3843,1,0,0
3843,2,0,0
3844,1,0,2
3844,2,0,1
3845,1,0,0
3845,2,0,1
3846,1,0,0
3846,2,0,1
3847,1,0,1
3847,2,0,1
3848,1,0,0
3848,2,0,1
3849,1,0,0
3849,2,0,1
3850,1,0,1
3850,2,0,0
3851,1,0,1
3851,2,0,0
3852,1,0,1
3852,2,0,0
3853,1,0,1
3853,2,0,0
3854,1,0,0
3854,2,0,0
3855,1,0,0
3855,2,0,0
3856,1,0,0
3856,2,0,0
3857,1,0,0
3857,2,0,0
3858,1,0,1
3858,2,0,0
3859,1,0,1
3859,2,0,0
3860,1,0,1
3860,2,0,0
3861,1,0,1
3861,2,0,0
3862,1,0,2
3862,2,0,0
3863,1,0,1
3863,2,0,1
3864,1,0,0
3864,2,0,1
3865,1,0,1
3865,2,0,0
3866,1,0,0
3866,2,0,0
3867,1,0,2
3867,2,0,1
3868,1,0,2
3868,2,0,0
3869,1,0,1
3869,2,0,0
3870,1,0,0
3870,2,0,0
3871,1,0,1
3871,2,0,0
3872,1,0,0
3872,2,0,0
3873,1,0,0
3873,2,0,0
3874,1,0,0
3874,2,0,0
3875,1,0,0
3875,2,0,0
3876,1,0,1
3876,2,0,2
3877,1,0,1
3877,2,0,0
3878,1,0,0
3878,2,0,0
3879,1,0,1
3879,2,0,0
3880,1,0,1
3880,2,0,0
3881,1,0,2
3881,2,0,0
3882,1,0,0
3882,2,0,1
3883,1,0,2
3883,2,0,0
3884,1,0,1
3884,2,0,0
3885,1,0,1
3885,2,0,1
3886,1,0,1
3886,2,0,0
3887,1,0,2
3887,2,0,0
3888,1,0,1
3888,2,0,0
3889,1,0,0
3889,2,0,0
3890,1,0,0
3890,2,0,1
3891,1,0,0
3891,2,0,2
3892,1,0,2
3892,2,0,0
3893,1,0,1
3893,2,0,0
3894,1,0,1
3894,2,0,0
3895,1,0,0
3895,2,0,1
3896,1,0,0
3896,2,0,0
3897,1,0,1
3897,2,0,0
3898,1,0,0
3898,2,0,0
3899,1,0,3
3899,2,0,0
3900,1,0,3
3900,2,0,0
3901,1,0,2
3901,2,0,0
3902,1,0,2
3902,2,0,1
3903,1,0,1
3903,2,0,0
3904,1,0,0
3904,2,0,1
3905,1,0,0
3905,2,0,1
3906,1,0,0
3906,2,0,0
3907,1,0,0
3907,2,0,0
3908,1,0,0
3908,2,0,1
3909,1,0,0
3909,2,0,0
3910,1,0,0
3910,2,0,0
3911,1,0,0
3911,2,0,0
3912,1,0,0
3912,2,0,1
3913,1,0,0
3913,2,0,1
3914,1,0,0
3914,2,0,0
3915,1,0,0
3915,2,0,0
3916,1,0,0
3916,2,0,0
3917,1,0,0
3917,2,0,0
3918,1,0,1
3918,2,0,0
3919,1,0,0
3919,2,0,0
3920,1,0,0
3920,2,0,0
3921,1,0,0
3921,2,0,1
3922,1,0,1
3922,2,0,0
3923,1,0,1
3923,2,0,0
3924,1,0,0
3924,2,0,2
3925,1,0,1
3925,2,0,0
3926,1,0,0
3926,2,0,0
3927,1,0,0
3927,2,0,0
3928,1,0,0
3928,2,0,0
3929,1,0,0
3929,2,0,1
3930,1,0,0
3930,2,0,0
3931,1,0,1
3931,2,0,0
3932,1,0,0
3932,2,0,0
3933,1,0,0
3933,2,0,1
3934,1,0,1
3934,2,0,0
3935,1,0,0
3935,2,0,1
3936,1,0,0
3936,2,0,1
3937,1,0,0
3937,2,0,0
3938,1,0,0
3938,2,0,0
3939,1,0,0
3939,2,0,0
3940,1,0,0
3940,2,0,0
3941,1,0,1
3941,2,0,1
3942,1,0,0
3942,2,0,1
3943,1,0,0
3943,2,0,0
3944,1,1,0
3944,2,0,0
3945,1,0,0
3945,2,0,0
3946,1,0,0
3946,2,0,0
3947,1,0,1
3947,2,0,1
3948,1,0,1
3948,2,0,0
3949,1,0,1
3949,2,0,0
3950,1,0,0
3950,2,0,0
3951,1,0,1
3951,2,0,0
3952,1,0,0
3952,2,0,0
3953,1,0,0
3953,2,0,0
3954,1,0,1
3954,2,0,0
3955,1,0,0
3955,2,0,0
3956,1,0,0
3956,2,0,0
3957,1,0,0
3957,2,0,0
3958,1,0,1
3958,2,0,0
3959,1,0,0
3959,2,0,0
3960,1,0,0
3960,2,0,0
3961,1,0,0
3961,2,0,0
3962,1,0,0
3962,2,0,0
3963,1,0,0
3963,2,0,0
3964,1,0,0
3964,2,0,0
3965,1,0,1
3965,2,0,0
3966,1,0,0
3966,2,0,0
3967,1,0,0
3967,2,0,0
3968,1,0,0
3968,2,0,0
3969,1,0,1
3969,2,0,1
3970,1,0,0
3970,2,0,0
3971,1,0,1
3971,2,0,0
3972,1,0,0
3972,2,0,0
3973,1,0,0
3973,2,0,0
3974,1,0,2
3974,2,0,1
3975,1,0,1
3975,2,0,0
3976,1,0,1
3976,2,0,0
3977,1,0,1
3977,2,0,0
3978,1,0,0
3978,2,0,0
3979,1,0,1
3979,2,0,0
3980,1,0,0
3980,2,0,1
3981,1,0,0
3981,2,0,0
3982,1,0,0
3982,2,0,0
3983,1,0,0
3983,2,0,0
3984,1,0,0
3984,2,0,0
3985,1,0,1
3985,2,0,0
3986,1,0,1
3986,2,0,2
3987,1,0,0
3987,2,0,0
3988,1,0,1
3988,2,0,0
3989,1,0,0
3989,2,0,0
3990,1,0,1
3990,2,0,0
3991,1,0,3
3991,2,0,0
3992,1,0,1
3992,2,0,1
3993,1,0,1
3993,2,0,0
3994,1,0,1
3994,2,0,0
3995,1,0,0
3995,2,0,0
3996,1,0,1
3996,2,0,0
3997,1,0,1
3997,2,0,0
3998,1,0,0
3998,2,0,0
3999,1,0,0
3999,2,0,0
4000,1,0,0
4000,2,0,1
4001,1,0,0
4001,2,0,0
4002,1,0,0
4002,2,0,1
4003,1,0,0
4003,2,0,0
4004,1,0,0
4004,2,0,0
4005,1,0,0
4005,2,0,0
4006,1,0,0
4006,2,0,1
4007,1,0,0
4007,2,0,0
4008,1,0,0
4008,2,0,0
4009,1,0,0
4009,2,0,0
4010,1,0,0
4010,2,0,1
4011,1,0,1
4011,2,0,0
4012,1,0,0
4012,2,0,0
4013,1,0,0
4013,2,0,0
4014,1,0,0
4014,2,0,1
4015,1,0,0
4015,2,0,0
4016,1,0,1
4016,2,0,0
4017,1,0,0
4017,2,0,2
4018,1,0,0
4018,2,0,0
4019,1,0,0
4019,2,0,0
4020,1,0,0
4020,2,0,0
4021,1,0,0
4021,2,0,2
4022,1,0,0
4022,2,0,1
4023,1,0,0
4023,2,0,0
4024,1,0,0
4024,2,0,1
4025,1,0,0
4025,2,0,1
4026,1,0,0
4026,2,1,1
4027,1,0,1
4027,2,0,1
4028,1,0,0
4028,2,0,1
4029,1,0,0
4029,2,0,0
4030,1,0,1
4030,2,0,1
4031,1,0,1
4031,2,0,1
4032,1,0,0
4032,2,0,0
4033,1,0,0
4033,2,0,0
4034,1,0,1
4034,2,0,0
4035,1,0,0
4035,2,0,0
4036,1,0,0
4036,2,0,1
4037,1,0,0
4037,2,0,0
4038,1,0,2
4038,2,0,0
4039,1,0,2
4039,2,0,0
4040,1,0,1
4040,2,0,0
4041,1,0,0
4041,2,0,1
4042,1,0,1
4042,2,0,0
4043,1,0,1
4043,2,0,1
4044,1,0,0
4044,2,0,0
4045,1,0,1
4045,2,0,0
4046,1,0,2
4046,2,0,0
4047,1,0,0
4047,2,0,0
4048,1,0,1
4048,2,0,1
4049,1,0,1
4049,2,0,0
4050,1,0,1
4050,2,0,1
4051,1,0,0
4051,2,0,0
4052,1,0,0
4052,2,0,0
4053,1,0,1
4053,2,0,0
4054,1,0,0
4054,2,0,0
4055,1,0,1
4055,2,0,0
4056,1,0,0
4056,2,0,0
4057,1,0,0
4057,2,0,0
4058,1,0,0
4058,2,0,0
4059,1,0,0
4059,2,0,0
4060,1,0,0
4060,2,0,1
4061,1,0,0
4061,2,0,0
4062,1,0,1
4062,2,0,0
4063,1,0,0
4063,2,0,0
4064,1,0,1
4064,2,0,0
4065,1,0,1
4065,2,0,0
4066,1,0,0
4066,2,0,0
4067,1,0,0
4067,2,0,0
4068,1,0,0
4068,2,0,1
4069,1,0,0
4069,2,0,0
4070,1,0,0
4070,2,0,0
4071,1,0,1
4071,2,0,0
4072,1,0,0
4072,2,0,0
4073,1,0,1
4073,2,0,1
4074,1,0,0
4074,2,0,0
4075,1,0,1
4075,2,0,0
4076,1,0,1
4076,2,0,0
4077,1,0,2
4077,2,0,0
4078,1,0,1
4078,2,0,1
4079,1,0,1
4079,2,0,0
4080,1,0,0
4080,2,0,0
4081,1,0,1
4081,2,0,0
4082,1,0,0
4082,2,0,2
4083,1,0,0
4083,2,0,1
4084,1,0,0
4084,2,0,1
4085,1,0,0
4085,2,0,1
4086,1,0,0
4086,2,0,2
4087,1,0,0
4087,2,0,0
4088,1,0,0
4088,2,0,0
4089,1,0,0
4089,2,0,0
4090,1,0,0
4090,2,0,1
4091,1,0,0
4091,2,0,0
4092,1,0,0
4092,2,0,1
4093,1,0,1
4093,2,0,0
4094,1,0,0
4094,2,0,0
4095,1,0,0
4095,2,0,1
4096,1,0,0
4096,2,0,0
4097,1,0,0
4097,2,0,0
4098,1,0,1
4098,2,0,0
4099,1,0,1
4099,2,0,0
4100,1,0,1
4100,2,0,0
4101,1,0,1
4101,2,0,1
4102,1,0,1
4102,2,0,0
4103,1,0,1
4103,2,0,0
4104,1,0,1
4104,2,0,0
4105,1,0,0
4105,2,0,2
4106,1,0,0
4106,2,0,0
4107,1,0,0
4107,2,0,0
4108,1,0,1
4108,2,0,0
4109,1,0,0
4109,2,0,0
4110,1,0,1
4110,2,0,0
4111,1,0,0
4111,2,0,0
4112,1,0,0
4112,2,0,0
4113,1,0,0
4113,2,0,0
4114,1,0,1
4114,2,0,1
4115,1,0,1
4115,2,0,1
4116,1,0,1
4116,2,0,1
4117,1,0,2
4117,2,0,0
4118,1,0,0
4118,2,0,0
4119,1,0,1
4119,2,0,1
4120,1,0,0
4120,2,0,0
4121,1,0,2
4121,2,0,1
4122,1,0,0
4122,2,0,0
4123,1,0,1
4123,2,0,1
4124,1,0,0
4124,2,0,0
4125,1,0,0
4125,2,0,0
4126,1,0,0
4126,2,0,0
4127,1,0,0
4127,2,0,0
4128,1,0,2
4128,2,0,0
4129,1,0,0
4129,2,0,0
4130,1,0,0
4130,2,0,0
4131,1,0,0
4131,2,0,0
4132,1,0,2
4132,2,0,0
4133,1,0,1
4133,2,0,1
4134,1,0,1
4134,2,0,0
4135,1,0,0
4135,2,0,0
4136,1,0,0
4136,2,0,0
4137,1,0,0
4137,2,0,2
4138,1,0,0
4138,2,0,2
4139,1,0,0
4139,2,0,1
4140,1,0,0
4140,2,0,1
4141,1,0,1
4141,2,0,0
4142,1,0,0
4142,2,0,2
4143,1,0,0
4143,2,0,1
4144,1,0,1
4144,2,0,1
4145,1,0,2
4145,2,0,0
4146,1,0,0
4146,2,0,1
4147,1,0,2
4147,2,0,1
4148,1,0,2
4148,2,0,0
4149,1,0,0
4149,2,0,2
4150,1,0,1
4150,2,0,0
4151,1,0,1
4151,2,0,0
4152,1,0,0
4152,2,0,0
4153,1,0,1
4153,2,0,0
4154,1,0,1
4154,2,0,0
4155,1,0,2
4155,2,0,1
4156,1,0,2
4156,2,0,0
4157,1,0,2
4157,2,0,1
4158,1,0,2
4158,2,0,0
4159,1,0,2
4159,2,0,0
4160,1,0,2
4160,2,0,0
4161,1,0,2
4161,2,0,0
4162,1,0,1
4162,2,0,0
4163,1,0,1
4163,2,0,0
4164,1,0,1
4164,2,0,0
4165,1,0,0
4165,2,0,1
4166,1,0,0
4166,2,0,1
4167,1,0,1
4167,2,0,1
4168,1,0,0
4168,2,0,0
4169,1,0,0
4169,2,0,1
4170,1,0,0
4170,2,0,0
