0,0,
1,0,
2,0,
3,0,
4,0,
5,0,
6,0,
7,0,
8,0,
9,0,
10,0,
11,0,
12,0,
13,0,
14,0,
15,0,
16,0,
17,0,
18,0,
19,0,
20,0,
21,0,
22,0,
23,0,
24,0,
25,0,
26,0,
27,0,
28,0,
29,0,
30,0,
31,0,
32,0,
33,0,
34,0,
35,0,
36,0,
37,0,
38,0,
39,0,
40,0,
41,0,
42,0,
43,0,
44,0,
45,0,
46,0,
47,0,
48,0,
49,0,
50,0,
51,0,
52,0,
53,0,
54,0,
55,0,
56,0,
57,0,
58,0,
59,0,
60,0,
61,0,
62,0,
63,0,
64,0,
65,0,
66,0,
67,0,
68,0,
69,0,
70,0,
71,0,
72,0,
73,0,
74,0,
75,0,
76,0,
77,0,
78,0,
79,0,
80,0,
81,0,
82,0,
83,0,
84,0,
85,0,
86,0,
87,0,
88,0,
89,0,
90,0,
91,0,
92,0,
93,0,
94,0,
95,0,
96,0,
97,0,
98,0,
99,0,
100,0,
101,0,
102,0,
103,0,
104,0,
105,0,
106,0,
107,0,
108,0,
109,0,
110,0,
111,0,
112,0,
113,0,
114,0,
115,0,
116,0,
117,0,
118,0,
119,0,
120,0,
121,0,
122,0,
123,0,
124,0,
125,0,
126,0,
127,0,
128,0,
129,0,
130,0,
131,0,
132,0,
133,0,
134,0,
135,0,
136,0,
137,0,
138,0,
139,0,
140,0,
141,0,
142,0,
143,0,
144,0,
145,0,
146,0,
147,0,
148,0,
149,0,
150,1,8662
151,1,8662
152,1,8662
153,1,8662
154,1,8662
155,1,8662
156,1,8662
157,1,8662
158,1,8662
159,1,8662
160,1,8662
161,1,8662
162,1,8662
163,1,8662
164,1,8662
165,1,8662
166,1,8662
167,1,8662
168,1,8662
169,1,8662
170,1,8662
171,1,8662
172,1,8662
173,1,8662
174,1,8662
175,1,8662
176,1,8662
177,1,8662
178,1,8662
179,1,8662
180,1,8662
181,1,8662
182,1,8662
183,1,8662
184,1,8662
185,1,8662
186,1,8662
187,1,8662
188,1,8662
189,1,8662
190,1,8662
191,1,8662
192,1,8662
193,1,8662
194,1,8662
195,1,8662
196,1,8662
197,1,8662
198,1,8662
199,1,8662
200,1,8662
201,1,8662
202,1,8662
203,1,8662
204,1,8662
205,1,8662
206,1,8662
207,1,8662
208,1,8662
209,1,8662
210,1,8662
211,1,8662
212,1,8662
213,1,8662
214,1,8662
215,1,8662
216,1,8662
217,1,8662
218,1,8662
219,1,8662
220,1,8662
221,1,8662
222,1,8662
223,1,8662
224,1,8662
225,1,8662
226,1,8662
227,1,8662
228,1,8662
229,1,8662
230,1,8662
231,1,8662
232,1,8662
233,1,8662
234,1,8662
235,1,8662
236,1,8662
237,1,8662
238,1,8662
239,1,8662
240,1,8662
241,1,8662
242,1,8662
243,1,8662
244,1,8662
245,1,8662
246,1,8662
247,1,8662
248,1,8662
249,1,8662
250,1,8662
251,1,8662
252,1,8662
253,1,8662
254,1,8662
255,1,8662
256,1,8662
257,1,8662
258,1,8662
259,1,8662
260,1,8662
261,1,8662
262,1,8662
263,1,8662
264,1,8662
265,1,8662
266,1,8662
267,1,8662
268,1,8662
269,1,8662
270,1,8662
271,1,8662
272,1,8662
273,1,8662
274,1,8662
275,1,8662
276,1,8662
277,1,8662
278,1,8662
279,1,8662
280,1,8662
281,1,8662
282,1,8662
283,1,8662
284,1,8662
285,1,8662
286,1,8662
287,1,8662
288,1,8662
289,1,8662
290,1,8662
291,1,8662
292,1,8662
293,1,8662
294,1,8662
295,1,8662
296,1,8662
297,1,8662
298,1,8662
299,1,8662
300,1,8662
301,1,8662
302,1,8662
303,1,8662
304,1,8662
305,1,8662
306,1,8662
307,1,8662
308,1,8662
309,1,8662
310,1,8662
311,1,8662
312,1,8662
313,1,8662
314,1,8662
315,1,8662
316,1,8662
317,1,8662
318,1,8662
319,1,8662
320,1,8662
321,1,8662
322,1,8662
323,1,8662
324,1,8662
325,1,8662
326,1,8662
327,1,8662
328,1,8662
329,1,8662
330,1,8662
331,1,8662
332,1,8662
333,1,8662
334,1,8662
335,1,8662
336,1,8662
337,1,8662
338,1,8662
339,1,8662
340,1,8662
341,1,8662
342,1,8662
343,1,8662
344,1,8662
345,1,8662
346,1,8662
347,1,8662
348,1,8662
349,1,8662
350,1,8662
351,1,8662
352,1,8662
353,1,8662
354,1,8662
355,1,8662
356,1,8662
357,1,8662
358,1,8662
359,1,8662
360,1,8662
361,1,8662
362,1,8662
363,1,8662
364,1,8662
365,1,8662
366,1,8662
367,1,8662
368,1,8662
369,1,8662
370,1,8662
371,1,8662
372,1,8662
373,1,8662
374,1,8662
375,1,8662
376,1,8662
377,1,8662
378,1,8662
379,1,8662
380,1,8662
381,1,8662
382,1,8662
383,1,8662
384,1,8662
385,1,8662
386,1,8662
387,1,8662
388,1,8662
389,1,8662
390,1,8662
391,1,8662
392,1,8662
393,1,8662
394,1,8662
395,1,8662
396,1,8662
397,1,8662
398,1,8662
399,1,8662
400,1,8662
401,1,8662
402,1,8662
403,1,8662
404,1,8662
405,1,8662
406,1,8662
407,1,8662
408,1,8662
409,1,8662
410,1,8662
411,1,8662
412,1,8662
413,1,8662
414,1,8662
415,1,8662
416,1,8662
417,1,8662
418,1,8662
419,1,8662
420,1,8662
421,1,8662
422,1,8662
423,1,8662
424,1,8662
425,1,8662
426,1,8662
427,1,8662
428,1,8662
429,1,8662
430,1,8662
431,1,8662
432,1,8662
433,1,8662
434,1,8662
435,1,8662
436,1,8662
437,1,8662
438,1,8662
439,1,8662
440,1,8662
441,1,8662
442,1,8662
443,1,8662
444,1,8662
445,1,8662
446,1,8662
447,1,8662
448,1,8662
449,1,8662
450,1,8662
451,1,8662
452,1,8662
453,1,8662
454,1,8662
455,1,8662
456,1,8662
457,1,8662
458,1,8662
459,1,8662
460,2,8662 950
461,2,8662 950
462,2,8662 950
463,2,8662 950
464,2,8662 950
465,2,8662 950
466,2,8662 950
467,2,8662 950
468,2,8662 950
469,2,8662 950
470,2,8662 950
471,2,8662 950
472,2,8662 950
473,2,8662 950
474,2,8662 950
475,2,8662 950
476,2,8662 950
477,2,8662 950
478,2,8662 950
479,2,8662 950
480,2,8662 950
481,2,8662 950
482,2,8662 950
483,2,8662 950
484,2,8662 950
485,2,8662 950
486,2,8662 950
487,2,8662 950
488,2,8662 950
489,2,8662 950
490,2,8662 950
491,2,8662 950
492,2,8662 950
493,2,8662 950
494,2,8662 950
495,2,8662 950
496,2,8662 950
497,2,8662 950
498,2,8662 950
499,2,8662 950
500,2,8662 950
501,2,8662 950
502,2,8662 950
503,2,8662 950
504,2,8662 950
505,2,8662 950
506,2,8662 950
507,2,8662 950
508,2,8662 950
509,2,8662 950
510,2,8662 950
511,2,8662 950
512,2,8662 950
513,2,8662 950
514,2,8662 950
515,2,8662 950
516,2,8662 950
517,2,8662 950
518,2,8662 950
519,2,8662 950
520,2,8662 950
521,2,8662 950
522,2,8662 950
523,2,8662 950
524,2,8662 950
525,2,8662 950
526,2,8662 950
527,2,8662 950
528,2,8662 950
529,2,8662 950
530,2,8662 950
531,2,8662 950
532,2,8662 950
533,2,8662 950
534,2,8662 950
535,2,8662 950
536,2,8662 950
537,2,8662 950
538,2,8662 950
539,2,8662 950
540,2,8662 950
541,2,8662 950
542,2,8662 950
543,2,8662 950
544,2,8662 950
545,2,8662 950
546,2,8662 950
547,2,8662 950
548,2,8662 950
549,2,8662 950
550,2,8662 950
551,2,8662 950
552,2,8662 950
553,2,8662 950
554,2,8662 950
555,2,8662 950
556,2,8662 950
557,2,8662 950
558,2,8662 950
559,2,8662 950
560,2,8662 950
561,2,8662 950
562,2,8662 950
563,2,8662 950
564,2,8662 950
565,2,8662 950
566,2,8662 950
567,3,2746 8662 950
568,2,8662 950
569,2,8662 950
570,2,8662 950
571,2,8662 950
572,2,8662 950
573,2,8662 950
574,2,8662 950
575,2,8662 950
576,2,8662 950
577,2,8662 950
578,2,8662 950
579,2,8662 950
580,2,8662 950
581,2,8662 950
582,2,8662 950
583,2,8662 950
584,2,8662 950
585,2,8662 950
586,2,8662 950
587,2,8662 950
588,2,8662 950
589,2,8662 950
590,2,8662 950
591,2,8662 950
592,2,8662 950
593,2,8662 950
594,2,8662 950
595,2,8662 950
596,2,8662 950
597,2,8662 950
598,2,8662 950
599,2,8662 950
600,2,8662 950
601,2,8662 950
602,2,8662 950
603,2,8662 950
604,2,8662 950
605,2,8662 950
606,2,8662 950
607,2,8662 950
608,2,8662 950
609,2,8662 950
610,2,8662 950
611,2,8662 950
612,2,8662 950
613,2,8662 950
614,2,8662 950
615,2,8662 950
616,2,8662 950
617,2,8662 950
618,2,8662 950
619,2,8662 950
620,2,8662 950
621,2,8662 950
622,2,8662 950
623,2,8662 950
624,2,8662 950
625,2,8662 950
626,2,8662 950
627,2,8662 950
628,2,8662 950
629,2,8662 950
630,2,8662 950
631,2,8662 950
632,2,8662 950
633,2,8662 950
634,2,8662 950
635,2,8662 950
636,2,8662 950
637,2,8662 950
638,2,8662 950
639,2,8662 950
640,2,8662 950
641,2,8662 950
642,2,8662 950
643,2,8662 950
644,2,8662 950
645,2,8662 950
646,2,8662 950
647,2,8662 950
648,2,8662 950
649,2,8662 950
650,2,8662 950
651,2,8662 950
652,2,8662 950
653,2,8662 950
654,2,8662 950
655,2,8662 950
656,2,8662 950
657,2,8662 950
658,2,8662 950
659,2,8662 950
660,2,8662 950
661,2,8662 950
662,2,8662 950
663,2,8662 950
664,2,8662 950
665,2,8662 950
666,2,8662 950
667,2,8662 950
668,2,8662 950
669,2,8662 950
670,2,8662 950
671,2,8662 950
672,2,8662 950
673,2,8662 950
674,2,8662 950
675,2,8662 950
676,2,8662 950
677,2,8662 950
678,2,8662 950
679,2,8662 950
680,2,8662 950
681,2,8662 950
682,2,8662 950
683,2,8662 950
684,2,8662 950
685,2,8662 950
686,2,8662 950
687,2,8662 950
688,2,8662 950
689,2,8662 950
690,2,8662 950
691,2,8662 950
692,2,8662 950
693,2,8662 950
694,2,8662 950
695,2,8662 950
696,2,8662 950
697,2,8662 950
698,2,8662 950
699,2,8662 950
700,2,8662 950
701,2,8662 950
702,2,8662 950
703,2,8662 950
704,2,8662 950
705,2,8662 950
706,2,8662 950
707,2,8662 950
708,2,8662 950
709,2,8662 950
710,2,8662 950
711,2,8662 950
712,2,8662 950
713,2,8662 950
714,2,8662 950
715,2,8662 950
716,2,8662 950
717,2,8662 950
718,2,8662 950
719,2,8662 950
720,2,8662 950
721,2,8662 950
722,2,8662 950
723,2,8662 950
724,2,8662 950
725,2,8662 950
726,2,8662 950
727,2,8662 950
728,2,8662 950
729,2,8662 950
730,2,8662 950
731,2,8662 950
732,2,8662 950
733,2,8662 950
734,2,8662 950
735,2,8662 950
736,2,8662 950
737,2,8662 950
738,2,8662 950
739,2,8662 950
740,2,8662 950
741,2,8662 950
742,2,8662 950
743,2,8662 950
744,2,8662 950
745,2,8662 950
746,2,8662 950
747,2,8662 950
748,2,8662 950
749,2,8662 950
750,2,8662 950
751,2,8662 950
752,2,8662 950
753,2,8662 950
754,2,8662 950
755,2,8662 950
756,2,8662 950
757,2,8662 950
758,2,8662 950
759,2,8662 950
760,2,8662 950
761,2,8662 950
762,2,8662 950
763,2,8662 950
764,2,8662 950
765,2,8662 950
766,2,8662 950
767,2,8662 950
768,2,8662 950
769,2,8662 950
770,2,8662 950
771,2,8662 950
772,2,8662 950
773,2,8662 950
774,2,8662 950
775,2,8662 950
776,2,8662 950
777,2,8662 950
778,2,8662 950
779,2,8662 950
780,2,8662 950
781,2,8662 950
782,2,8662 950
783,2,8662 950
784,2,8662 950
785,2,8662 950
786,2,8662 950
787,2,8662 950
788,2,8662 950
789,2,8662 950
790,2,8662 950
791,2,8662 950
792,2,8662 950
793,2,8662 950
794,2,8662 950
795,2,8662 950
796,2,8662 950
797,2,8662 950
798,2,8662 950
799,2,8662 950
800,2,8662 950
801,2,8662 950
802,2,8662 950
803,2,8662 950
804,2,8662 950
805,2,8662 950
806,2,8662 950
807,2,8662 950
808,2,8662 950
809,2,8662 950
810,2,8662 950
811,2,8662 950
812,2,8662 950
813,2,8662 950
814,2,8662 950
815,2,8662 950
816,2,8662 950
817,2,8662 950
818,2,8662 950
819,2,8662 950
820,2,8662 950
821,2,8662 950
822,2,8662 950
823,2,8662 950
824,2,8662 950
825,2,8662 950
826,2,8662 950
827,2,8662 950
828,2,8662 950
829,2,8662 950
830,2,8662 950
831,2,8662 950
832,1,8662
833,1,8662
834,1,8662
835,1,8662
836,1,8662
837,1,8662
838,1,8662
839,1,8662
840,1,8662
841,1,8662
842,1,8662
843,1,8662
844,1,8662
845,1,8662
846,1,8662
847,1,8662
848,1,8662
849,1,8662
850,1,8662
851,1,8662
852,1,8662
853,1,8662
854,1,8662
855,1,8662
856,1,8662
857,1,8662
858,1,8662
859,1,8662
860,1,8662
861,1,8662
862,1,8662
863,1,8662
864,1,8662
865,1,8662
866,1,8662
867,1,8662
868,1,8662
869,1,8662
870,1,8662
871,1,8662
872,1,8662
873,1,8662
874,1,8662
875,1,8662
876,1,8662
877,1,8662
878,1,8662
879,1,8662
880,1,8662
881,1,8662
882,1,8662
883,1,8662
884,1,8662
885,1,8662
886,1,8662
887,1,8662
888,1,8662
889,1,8662
890,1,8662
891,1,8662
892,1,8662
893,1,8662
894,1,8662
895,1,8662
896,1,8662
897,1,8662
898,1,8662
899,1,8662
900,1,8662
901,1,8662
902,1,8662
903,1,8662
904,1,8662
905,1,8662
906,1,8662
907,1,8662
908,1,8662
909,1,8662
910,1,8662
911,1,8662
912,1,8662
913,1,8662
914,1,8662
915,1,8662
916,1,8662
917,1,8662
918,1,8662
919,1,8662
920,1,8662
921,1,8662
922,1,8662
923,1,8662
924,1,8662
925,1,8662
926,1,8662
927,1,8662
928,1,8662
929,1,8662
930,1,8662
931,1,8662
932,1,8662
933,1,8662
934,1,8662
935,1,8662
936,1,8662
937,1,8662
938,1,8662
939,1,8662
940,1,8662
941,1,8662
942,1,8662
943,1,8662
944,1,8662
945,1,8662
946,1,8662
947,1,8662
948,1,8662
949,1,8662
950,1,8662
951,1,8662
952,1,8662
953,1,8662
954,1,8662
955,1,8662
956,1,8662
957,1,8662
958,1,8662
959,1,8662
960,1,8662
961,1,8662
962,1,8662
963,1,8662
964,1,8662
965,1,8662
966,1,8662
967,1,8662
968,1,8662
969,1,8662
970,1,8662
971,1,8662
972,1,8662
973,1,8662
974,1,8662
975,1,8662
976,1,8662
977,1,8662
978,1,8662
979,1,8662
980,1,8662
981,1,8662
982,1,8662
983,1,8662
984,1,8662
985,1,8662
986,1,8662
987,1,8662
988,1,8662
989,1,8662
990,1,8662
991,1,8662
992,1,8662
993,1,8662
994,1,8662
995,1,8662
996,1,8662
997,1,8662
998,1,8662
999,1,8662
1000,1,8662
1001,1,8662
1002,1,8662
1003,1,8662
1004,1,8662
1005,1,8662
1006,1,8662
1007,1,8662
1008,1,8662
1009,1,8662
1010,1,8662
1011,1,8662
1012,1,8662
1013,1,8662
1014,1,8662
1015,1,8662
1016,1,8662
1017,1,8662
1018,1,8662
1019,1,8662
1020,1,8662
1021,1,8662
1022,1,8662
1023,1,8662
1024,1,8662
1025,1,8662
1026,1,8662
1027,1,8662
1028,1,8662
1029,1,8662
1030,1,8662
1031,1,8662
1032,1,8662
1033,1,8662
1034,1,8662
1035,1,8662
1036,1,8662
1037,1,8662
1038,1,8662
1039,1,8662
1040,1,8662
1041,1,8662
1042,1,8662
1043,1,8662
1044,1,8662
1045,1,8662
1046,1,8662
1047,1,8662
1048,1,8662
1049,1,8662
1050,1,8662
1051,1,8662
1052,1,8662
1053,1,8662
1054,1,8662
1055,1,8662
1056,1,8662
1057,1,8662
1058,1,8662
1059,1,8662
1060,1,8662
1061,1,8662
1062,1,8662
1063,1,8662
1064,1,8662
1065,1,8662
1066,1,8662
1067,1,8662
1068,1,8662
1069,1,8662
1070,1,8662
1071,1,8662
1072,1,8662
1073,1,8662
1074,1,8662
1075,1,8662
1076,1,8662
1077,1,8662
1078,1,8662
1079,1,8662
1080,1,8662
1081,1,8662
1082,1,8662
1083,1,8662
1084,1,8662
1085,1,8662
1086,1,8662
1087,1,8662
1088,1,8662
1089,1,8662
1090,1,8662
1091,1,8662
1092,1,8662
1093,1,8662
1094,1,8662
1095,1,8662
1096,1,8662
1097,1,8662
1098,1,8662
1099,1,8662
1100,1,8662
1101,1,8662
1102,1,8662
1103,1,8662
1104,1,8662
1105,1,8662
1106,1,8662
1107,1,8662
1108,1,8662
1109,1,8662
1110,1,8662
1111,1,8662
1112,1,8662
1113,1,8662
1114,1,8662
1115,1,8662
1116,1,8662
1117,1,8662
1118,1,8662
1119,1,8662
1120,1,8662
1121,1,8662
1122,1,8662
1123,1,8662
1124,1,8662
1125,1,8662
1126,1,8662
1127,1,8662
1128,1,8662
1129,1,8662
1130,1,8662
1131,1,8662
1132,1,8662
1133,1,8662
1134,1,8662
1135,1,8662
1136,1,8662
1137,1,8662
1138,1,8662
1139,1,8662
1140,1,8662
1141,1,8662
1142,1,8662
1143,1,8662
1144,1,8662
1145,1,8662
1146,1,8662
1147,1,8662
1148,1,8662
1149,1,8662
1150,1,8662
1151,1,8662
1152,1,8662
1153,1,8662
1154,1,8662
1155,1,8662
1156,1,8662
1157,1,8662
1158,1,8662
1159,1,8662
1160,1,8662
1161,1,8662
1162,1,8662
1163,1,8662
1164,1,8662
1165,1,8662
1166,1,8662
1167,1,8662
1168,1,8662
1169,1,8662
1170,1,8662
1171,1,8662
1172,1,8662
1173,1,8662
1174,1,8662
1175,1,8662
1176,1,8662
1177,1,8662
1178,1,8662
1179,1,8662
1180,1,8662
1181,1,8662
1182,1,8662
1183,1,8662
1184,1,8662
1185,1,8662
1186,1,8662
1187,1,8662
1188,1,8662
1189,1,8662
1190,1,8662
1191,1,8662
1192,1,8662
1193,1,8662
1194,1,8662
1195,1,8662
1196,1,8662
1197,1,8662
1198,1,8662
1199,1,8662
1200,1,8662
1201,1,8662
1202,1,8662
1203,1,8662
1204,1,8662
1205,1,8662
1206,1,8662
1207,1,8662
1208,1,8662
1209,1,8662
1210,1,8662
1211,1,8662
1212,1,8662
1213,1,8662
1214,1,8662
1215,1,8662
1216,1,8662
1217,1,8662
1218,1,8662
1219,1,8662
1220,1,8662
1221,1,8662
1222,1,8662
1223,1,8662
1224,1,8662
1225,1,8662
1226,1,8662
1227,1,8662
1228,1,8662
1229,1,8662
1230,1,8662
1231,1,8662
1232,1,8662
1233,1,8662
1234,1,8662
1235,1,8662
1236,1,8662
1237,1,8662
1238,1,8662
1239,1,8662
1240,1,8662
1241,1,8662
1242,1,8662
1243,1,8662
1244,1,8662
1245,1,8662
1246,1,8662
1247,1,8662
1248,1,8662
1249,1,8662
1250,1,8662
1251,1,8662
1252,1,8662
1253,1,8662
1254,1,8662
1255,1,8662
1256,1,8662
1257,1,8662
1258,1,8662
1259,1,8662
1260,1,8662
1261,1,8662
1262,1,8662
1263,1,8662
1264,1,8662
1265,1,8662
1266,1,8662
1267,1,8662
1268,1,8662
1269,1,8662
1270,1,8662
1271,1,8662
1272,1,8662
1273,1,8662
1274,1,8662
1275,1,8662
1276,1,8662
1277,1,8662
1278,1,8662
1279,1,8662
1280,1,8662
1281,1,8662
1282,1,8662
1283,1,8662
1284,1,8662
1285,1,8662
1286,1,8662
1287,1,8662
1288,1,8662
1289,1,8662
1290,1,8662
1291,1,8662
1292,1,8662
1293,1,8662
1294,1,8662
1295,1,8662
1296,1,8662
1297,2,111 8662
1298,2,111 8662
1299,2,111 8662
1300,2,111 8662
1301,2,111 8662
1302,2,111 8662
1303,2,111 8662
1304,2,111 8662
1305,2,111 8662
1306,2,111 8662
1307,2,111 8662
1308,2,111 8662
1309,2,111 8662
1310,2,111 8662
1311,2,111 8662
1312,2,111 8662
1313,2,111 8662
1314,2,111 8662
1315,2,111 8662
1316,2,111 8662
1317,2,111 8662
1318,2,111 8662
1319,2,111 8662
1320,2,111 8662
1321,2,111 8662
1322,2,111 8662
1323,2,111 8662
1324,2,111 8662
1325,2,111 8662
1326,2,111 8662
1327,2,111 8662
1328,2,111 8662
1329,2,111 8662
1330,2,111 8662
1331,2,111 8662
1332,2,111 8662
1333,2,111 8662
1334,2,111 8662
1335,2,111 8662
1336,2,111 8662
1337,2,111 8662
1338,2,111 8662
1339,2,111 8662
1340,2,111 8662
1341,2,111 8662
1342,2,111 8662
1343,2,111 8662
1344,2,111 8662
1345,2,111 8662
1346,2,111 8662
1347,2,111 8662
1348,2,111 8662
1349,2,111 8662
1350,2,111 8662
1351,2,111 8662
1352,2,111 8662
1353,2,111 8662
1354,2,111 8662
1355,2,111 8662
1356,2,111 8662
1357,2,111 8662
1358,2,111 8662
1359,2,111 8662
1360,2,111 8662
1361,2,111 8662
1362,2,111 8662
1363,2,111 8662
1364,2,111 8662
1365,2,111 8662
1366,2,111 8662
1367,2,111 8662
1368,2,111 8662
1369,2,111 8662
1370,2,111 8662
1371,2,111 8662
1372,2,111 8662
1373,2,111 8662
1374,2,111 8662
1375,2,111 8662
1376,2,111 8662
1377,2,111 8662
1378,2,111 8662
1379,2,111 8662
1380,2,111 8662
1381,2,111 8662
1382,2,111 8662
1383,2,111 8662
1384,2,111 8662
1385,2,111 8662
1386,2,111 8662
1387,2,111 8662
1388,2,111 8662
1389,2,111 8662
1390,2,111 8662
1391,2,111 8662
1392,2,111 8662
1393,2,111 8662
1394,2,111 8662
1395,2,111 8662
1396,2,111 8662
1397,2,111 8662
1398,2,111 8662
1399,2,111 8662
1400,2,111 8662
1401,2,111 8662
1402,2,111 8662
1403,2,111 8662
1404,2,111 8662
1405,2,111 8662
1406,2,111 8662
1407,2,111 8662
1408,2,111 8662
1409,2,111 8662
1410,2,111 8662
1411,2,111 8662
1412,2,111 8662
1413,2,111 8662
1414,2,111 8662
1415,2,111 8662
1416,2,111 8662
1417,2,111 8662
1418,2,111 8662
1419,2,111 8662
1420,2,111 8662
1421,2,111 8662
1422,2,111 8662
1423,2,111 8662
1424,2,111 8662
1425,2,111 8662
1426,2,111 8662
1427,2,111 8662
1428,2,111 8662
1429,2,111 8662
1430,2,111 8662
1431,2,111 8662
1432,2,111 8662
1433,2,111 8662
1434,2,111 8662
1435,2,111 8662
1436,2,111 8662
1437,2,111 8662
1438,2,111 8662
1439,2,111 8662
1440,2,111 8662
1441,2,111 8662
1442,2,111 8662
1443,2,111 8662
1444,2,111 8662
1445,2,111 8662
1446,2,111 8662
1447,2,111 8662
1448,2,111 8662
1449,2,111 8662
1450,2,111 8662
1451,2,111 8662
1452,2,111 8662
1453,2,111 8662
1454,2,111 8662
1455,2,111 8662
1456,2,111 8662
1457,2,111 8662
1458,2,111 8662
1459,2,111 8662
1460,2,111 8662
1461,0,
1462,0,
1463,0,
1464,0,
1465,0,
1466,0,
1467,0,
1468,0,
1469,0,
1470,0,
1471,0,
1472,0,
1473,0,
1474,0,
1475,0,
1476,0,
1477,0,
1478,0,
1479,0,
1480,0,
1481,0,
1482,0,
1483,0,
1484,0,
1485,0,
1486,0,
1487,0,
1488,0,
1489,0,
1490,0,
1491,0,
1492,0,
1493,0,
1494,0,
1495,0,
1496,0,
1497,0,
1498,0,
1499,0,
1500,0,
1501,0,
1502,0,
1503,0,
1504,0,
1505,0,
1506,0,
1507,0,
1508,0,
1509,0,
1510,0,
1511,0,
1512,0,
1513,0,
1514,0,
1515,0,
1516,0,
1517,0,
1518,0,
1519,0,
1520,0,
1521,0,
1522,0,
1523,0,
1524,0,
1525,0,
1526,0,
1527,0,
1528,0,
1529,0,
1530,0,
1531,0,
1532,0,
1533,0,
1534,0,
1535,0,
1536,0,
1537,0,
1538,0,
1539,0,
1540,0,
1541,0,
1542,0,
1543,0,
1544,0,
1545,0,
1546,0,
1547,0,
1548,0,
1549,0,
1550,0,
1551,0,
1552,0,
1553,0,
1554,0,
1555,0,
1556,0,
1557,0,
1558,0,
1559,0,
1560,0,
1561,0,
1562,0,
1563,0,
1564,0,
1565,0,
1566,0,
1567,0,
1568,0,
1569,0,
1570,0,
1571,0,
1572,0,
1573,0,
1574,0,
1575,0,
1576,0,
1577,0,
1578,0,
1579,0,
1580,0,
1581,0,
1582,0,
1583,0,
1584,0,
1585,0,
1586,0,
1587,0,
1588,0,
1589,0,
1590,0,
1591,0,
1592,0,
1593,0,
1594,0,
1595,0,
1596,0,
1597,0,
1598,0,
1599,0,
1600,0,
1601,0,
1602,0,
1603,0,
1604,0,
1605,0,
1606,0,
1607,0,
1608,0,
1609,0,
1610,0,
1611,0,
1612,0,
1613,0,
1614,0,
1615,0,
1616,0,
1617,0,
1618,0,
1619,0,
1620,0,
1621,0,
1622,0,
1623,0,
1624,0,
1625,0,
1626,0,
1627,0,
1628,0,
1629,0,
1630,0,
1631,0,
1632,0,
1633,0,
1634,0,
1635,0,
1636,0,
1637,0,
1638,0,
1639,0,
1640,0,
1641,0,
1642,0,
1643,0,
1644,0,
1645,0,
1646,0,
1647,0,
1648,0,
1649,0,
1650,0,
1651,0,
1652,0,
1653,0,
1654,0,
1655,0,
1656,0,
1657,0,
1658,0,
1659,0,
1660,0,
1661,0,
1662,0,
1663,0,
1664,0,
1665,0,
1666,0,
1667,0,
1668,0,
1669,0,
1670,0,
1671,0,
1672,0,
1673,0,
1674,0,
1675,0,
1676,0,
1677,0,
1678,0,
1679,0,
1680,0,
1681,0,
1682,0,
1683,0,
1684,0,
1685,0,
1686,0,
1687,0,
1688,0,
1689,0,
1690,0,
1691,0,
1692,0,
1693,0,
1694,0,
1695,0,
1696,0,
1697,0,
1698,0,
1699,0,
1700,0,
1701,0,
1702,0,
1703,0,
1704,0,
1705,0,
1706,0,
1707,0,
1708,0,
1709,0,
1710,0,
1711,0,
1712,0,
1713,0,
1714,0,
1715,0,
1716,0,
1717,0,
1718,0,
1719,0,
1720,0,
1721,0,
1722,0,
1723,0,
1724,0,
1725,0,
1726,0,
1727,0,
1728,0,
1729,0,
1730,0,
1731,0,
1732,0,
1733,0,
1734,0,
1735,0,
1736,0,
1737,0,
1738,0,
1739,0,
1740,0,
1741,0,
1742,0,
1743,0,
1744,0,
1745,0,
1746,0,
1747,0,
1748,0,
1749,0,
1750,0,
1751,0,
1752,0,
1753,0,
1754,0,
1755,0,
1756,0,
1757,0,
1758,0,
1759,0,
1760,0,
1761,0,
1762,0,
1763,0,
1764,0,
1765,0,
1766,0,
1767,0,
1768,0,
1769,0,
1770,0,
1771,0,
1772,0,
1773,0,
1774,0,
1775,0,
1776,0,
1777,0,
1778,0,
1779,0,
1780,0,
1781,0,
1782,0,
1783,0,
1784,0,
1785,0,
1786,0,
1787,0,
1788,0,
1789,0,
1790,0,
1791,0,
1792,0,
1793,0,
1794,0,
1795,0,
1796,0,
1797,0,
1798,0,
1799,0,
1800,0,
1801,0,
1802,0,
1803,0,
1804,0,
1805,0,
1806,0,
1807,0,
1808,0,
1809,0,
1810,0,
1811,0,
1812,0,
1813,0,
1814,0,
1815,0,
1816,0,
1817,0,
1818,0,
1819,0,
1820,0,
1821,0,
1822,0,
1823,0,
1824,0,
1825,0,
1826,0,
1827,0,
1828,0,
1829,0,
1830,0,
1831,0,
1832,0,
1833,0,
1834,0,
1835,0,
1836,0,
1837,0,
1838,0,
1839,0,
1840,0,
1841,0,
1842,0,
1843,0,
1844,0,
1845,0,
1846,0,
1847,0,
1848,0,
1849,0,
1850,0,
1851,0,
1852,0,
1853,0,
1854,0,
1855,0,
1856,0,
1857,0,
1858,0,
1859,0,
1860,0,
1861,0,
1862,0,
1863,0,
1864,0,
1865,0,
1866,0,
1867,0,
1868,0,
1869,0,
1870,0,
1871,0,
1872,0,
1873,0,
1874,0,
1875,0,
1876,0,
1877,0,
1878,0,
1879,0,
1880,0,
1881,0,
1882,0,
1883,0,
1884,0,
1885,0,
1886,0,
1887,0,
1888,0,
1889,0,
1890,0,
1891,0,
1892,0,
1893,0,
1894,0,
1895,0,
1896,0,
1897,1,924
1898,1,924
1899,2,6575 924
1900,2,6575 924
1901,2,6575 924
1902,2,6575 924
1903,2,6575 924
1904,1,6575
1905,2,6575 924
1906,2,6575 924
1907,2,6575 924
1908,2,6575 924
1909,2,6575 924
1910,2,6575 924
1911,2,6575 924
1912,2,6575 924
1913,2,6575 924
1914,2,6575 924
1915,2,6575 924
1916,2,6575 924
1917,2,6575 924
1918,2,6575 924
1919,2,6575 924
1920,2,6575 924
1921,2,6575 924
1922,2,6575 924
1923,2,6575 924
1924,2,6575 924
1925,2,6575 924
1926,2,6575 924
1927,2,6575 924
1928,2,6575 924
1929,2,6575 924
1930,2,6575 924
1931,2,6575 924
1932,2,6575 924
1933,2,6575 924
1934,2,6575 924
1935,2,6575 924
1936,2,6575 924
1937,2,6575 924
1938,2,6575 924
1939,2,6575 924
1940,2,6575 924
1941,2,6575 924
1942,2,6575 924
1943,2,6575 924
1944,2,6575 924
1945,2,6575 924
1946,2,6575 924
1947,2,6575 924
1948,2,6575 924
1949,2,6575 924
1950,2,6575 924
1951,2,6575 924
1952,2,6575 924
1953,2,6575 924
1954,2,6575 924
1955,2,6575 924
1956,2,6575 924
1957,2,6575 924
1958,2,6575 924
1959,2,6575 924
1960,2,6575 924
1961,2,6575 924
1962,2,6575 924
1963,3,6575 8144 924
1964,3,6575 8144 924
1965,3,6575 8144 924
1966,3,6575 8144 924
1967,3,6575 8144 924
1968,3,6575 8144 924
1969,3,6575 8144 924
1970,3,6575 8144 924
1971,3,6575 8144 924
1972,3,6575 8144 924
1973,3,6575 8144 924
1974,3,6575 8144 924
1975,3,6575 8144 924
1976,3,6575 8144 924
1977,3,6575 8144 924
1978,3,6575 8144 924
1979,3,6575 8144 924
1980,5,3494 6575 7997 8144 924
1981,5,3494 6575 7997 8144 924
1982,5,3494 6575 7997 8144 924
1983,5,3494 6575 7997 8144 924
1984,5,3494 6575 7997 8144 924
1985,5,3494 6575 7997 8144 924
1986,4,6575 7997 8144 924
1987,4,6575 7997 8144 924
1988,4,6575 7997 8144 924
1989,4,6575 7997 8144 924
1990,4,6575 7997 8144 924
1991,4,6575 7997 8144 924
1992,3,6575 7997 8144
1993,4,6575 7997 8144 924
1994,4,6575 7997 8144 924
1995,3,7997 8144 924
1996,3,7997 8144 924
1997,3,7997 8144 924
1998,3,7997 8144 924
1999,3,7997 8144 924
2000,3,7997 8144 924
2001,3,7997 8144 924
2002,3,7997 8144 924
2003,3,7997 8144 924
2004,3,7997 8144 924
2005,3,7997 8144 924
2006,3,7997 8144 924
2007,3,7997 8144 924
2008,3,7997 8144 924
2009,3,7997 8144 924
2010,3,7997 8144 924
2011,3,7997 8144 924
2012,3,7997 8144 924
2013,3,7997 8144 924
2014,3,7997 8144 924
2015,3,7997 8144 924
2016,3,7997 8144 924
2017,3,7997 8144 924
2018,3,7997 8144 924
2019,3,7997 8144 924
2020,3,7997 8144 924
2021,3,7997 8144 924
2022,3,7997 8144 924
2023,3,7997 8144 924
2024,3,7997 8144 924
2025,3,7997 8144 924
2026,3,7997 8144 924
2027,3,7997 8144 924
2028,3,7997 8144 924
2029,3,7997 8144 924
2030,3,7997 8144 924
2031,3,7997 8144 924
2032,3,7997 8144 924
2033,3,7997 8144 924
2034,3,7997 8144 924
2035,3,7997 8144 924
2036,3,7997 8144 924
2037,3,7997 8144 924
2038,3,7997 8144 924
2039,3,7997 8144 924
2040,3,7997 8144 924
2041,3,7997 8144 924
2042,3,7997 8144 924
2043,3,7997 8144 924
2044,4,7997 8144 8571 924
2045,4,7997 8144 8571 924
2046,4,7997 8144 8571 924
2047,4,7997 8144 8571 924
2048,3,7997 8144 924
2049,3,7997 8144 924
2050,3,7997 8144 924
2051,4,7997 8144 8571 924
2052,5,7997 8144 8571 8621 924
2053,5,7997 8144 8571 8621 924
2054,5,7997 8144 8571 8621 924
2055,5,7997 8144 8571 8621 924
2056,5,7997 8144 8571 8621 924
2057,5,7997 8144 8571 8621 924
2058,5,7997 8144 8571 8621 924
2059,5,7997 8144 8571 8621 924
2060,4,7997 8144 8571 924
2061,5,7997 8144 8571 8621 924
2062,3,8144 8571 8621
2063,5,7997 8144 8571 8621 924
2064,4,8144 8571 8621 924
2065,3,8144 8571 924
2066,3,8144 8571 924
2067,3,8144 8571 924
2068,3,8144 8571 924
2069,4,8144 8571 8621 924
2070,4,8144 8571 8621 924
2071,4,8144 8571 8621 924
2072,4,8144 8571 8621 924
2073,4,8144 8571 8621 924
2074,4,8144 8571 8621 924
2075,4,8144 8571 8621 924
2076,4,8144 8571 8621 924
2077,4,8144 8571 8621 924
2078,4,8144 8571 8621 924
2079,4,8144 8571 8621 924
2080,4,8144 8571 8621 924
2081,5,2527 8144 8571 8621 924
2082,5,2527 8144 8571 8621 924
2083,5,2527 8144 8571 8621 924
2084,5,2527 8144 8571 8621 924
2085,5,2527 8144 8571 8621 924
2086,4,2527 8144 8621 924
2087,3,2527 8144 8621
2088,3,2527 8144 8621
2089,3,2527 8144 8621
2090,3,2527 8144 8621
2091,2,2527 8144
2092,2,2527 8144
2093,2,2527 8144
2094,2,2527 8144
2095,2,2527 8144
2096,2,2527 8144
2097,2,2527 8144
2098,2,2527 8144
2099,2,2527 8144
2100,2,2527 8144
2101,2,2527 8144
2102,2,2527 8144
2103,1,2527
2104,1,2527
2105,1,2527
2106,2,2527 8144
2107,2,2527 8144
2108,2,2527 8144
2109,2,2527 8144
2110,2,2527 8144
2111,2,2527 8144
2112,2,2527 8144
2113,2,2527 8144
2114,2,2527 8144
2115,2,2527 8144
2116,2,2527 8144
2117,2,2527 8144
2118,2,2527 8144
2119,2,2527 8144
2120,2,2527 8144
2121,2,2527 8144
2122,2,2527 8144
2123,2,2527 8144
2124,2,2527 8144
2125,2,2527 8144
2126,2,2527 8144
2127,2,2527 8144
2128,2,2527 8144
2129,2,2527 8144
2130,2,2527 8144
2131,2,2527 8144
2132,2,2527 8144
2133,2,2527 8144
2134,2,2527 8144
2135,2,2527 8144
2136,2,2527 8144
2137,2,2527 8144
2138,2,2527 8144
2139,2,2527 8144
2140,2,2527 8144
2141,2,2527 8144
2142,2,2527 8144
2143,2,2527 8144
2144,2,2527 8144
2145,2,2527 8144
2146,2,2527 8144
2147,2,2527 8144
2148,2,2527 8144
2149,2,2527 8144
2150,2,2527 8144
2151,2,2527 8144
2152,2,2527 8144
2153,2,2527 8144
2154,2,2527 8144
2155,2,2527 8144
2156,2,2527 8144
2157,2,2527 8144
2158,2,2527 8144
2159,2,2527 8144
2160,2,2527 8144
2161,2,2527 8144
2162,2,2527 8144
2163,2,2527 8144
2164,2,2527 8144
2165,2,2527 8144
2166,2,2527 8144
2167,2,2527 8144
2168,2,2527 8144
2169,2,2527 8144
2170,2,2527 8144
2171,3,2527 581 8144
2172,3,2527 581 8144
2173,3,2527 581 8144
2174,3,2527 581 8144
2175,3,2527 581 8144
2176,3,2527 581 8144
2177,3,2527 581 8144
2178,3,2527 581 8144
2179,3,2527 581 8144
2180,3,2527 581 8144
2181,3,2527 581 8144
2182,3,2527 581 8144
2183,3,2527 581 8144
2184,3,2527 581 8144
2185,3,2527 581 8144
2186,3,2527 581 8144
2187,3,2527 581 8144
2188,3,2527 581 8144
2189,3,2527 581 8144
2190,3,2527 581 8144
2191,3,2527 581 8144
2192,3,2527 581 8144
2193,3,2527 581 8144
2194,3,2527 581 8144
2195,3,2527 581 8144
2196,3,2527 581 8144
2197,3,2527 581 8144
2198,4,2527 5469 581 8144
2199,3,2527 581 8144
2200,4,2527 5469 581 8144
2201,4,2527 5469 581 8144
2202,4,2527 5469 581 8144
2203,4,2527 5469 581 8144
2204,4,2527 5469 581 8144
2205,4,2527 5469 581 8144
2206,4,2527 5469 581 8144
2207,3,2527 581 8144
2208,3,2527 581 8144
2209,3,2527 581 8144
2210,3,2527 581 8144
2211,3,2527 581 8144
2212,3,2527 581 8144
2213,3,2527 581 8144
2214,3,2527 581 8144
2215,3,2527 581 8144
2216,3,2527 581 8144
2217,3,2527 581 8144
2218,3,2527 581 8144
2219,3,2527 581 8144
2220,3,2527 581 8144
2221,3,2527 581 8144
2222,3,2527 581 8144
2223,3,2527 581 8144
2224,3,2527 581 8144
2225,3,2527 581 8144
2226,3,2527 581 8144
2227,3,2527 581 8144
2228,3,2527 581 8144
2229,3,2527 581 8144
2230,3,2527 581 8144
2231,3,2527 581 8144
2232,3,2527 581 8144
2233,3,2527 581 8144
2234,2,581 8144
2235,3,2527 581 8144
2236,3,2527 581 8144
2237,3,2527 581 8144
2238,3,2527 581 8144
2239,3,2527 581 8144
2240,3,2527 581 8144
2241,3,2527 581 8144
2242,3,2527 581 8144
2243,3,2527 581 8144
2244,3,2527 581 8144
2245,3,2527 581 8144
2246,3,2527 581 8144
2247,3,2527 581 8144
2248,3,2527 581 8144
2249,3,2527 581 8144
2250,3,2527 581 8144
2251,3,2527 581 8144
2252,3,2527 581 8144
2253,3,2527 581 8144
2254,3,2527 581 8144
2255,3,2527 581 8144
2256,3,2527 581 8144
2257,3,2527 581 8144
2258,3,2527 581 8144
2259,3,2527 581 8144
2260,3,2527 581 8144
2261,3,2527 581 8144
2262,3,2527 581 8144
2263,3,2527 581 8144
2264,2,581 8144
2265,3,2527 581 8144
2266,3,2527 581 8144
2267,3,2527 581 8144
2268,3,2527 581 8144
2269,3,2527 581 8144
2270,2,2527 581
2271,2,2527 581
2272,3,2527 581 6034
2273,3,2527 581 6034
2274,3,2527 581 6034
2275,2,2527 581
2276,2,2527 581
2277,2,2527 581
2278,2,2527 581
2279,2,2527 581
2280,2,2527 581
2281,2,2527 581
2282,2,2527 581
2283,2,2527 581
2284,2,2527 581
2285,2,2527 581
2286,2,2527 581
2287,2,2527 581
2288,2,2527 581
2289,2,2527 581
2290,2,2527 581
2291,2,2527 581
2292,2,2527 581
2293,2,2527 581
2294,2,2527 581
2295,2,2527 581
2296,2,2527 581
2297,2,2527 581
2298,2,2527 581
2299,2,2527 581
2300,2,2527 581
2301,2,2527 581
2302,2,2527 581
2303,2,2527 581
2304,2,2527 581
2305,2,2527 581
2306,2,2527 581
2307,2,2527 581
2308,2,2527 581
2309,2,2527 581
2310,2,2527 581
2311,2,2527 581
2312,2,2527 581
2313,2,2527 581
2314,2,2527 581
2315,2,2527 581
2316,2,2527 581
2317,2,2527 581
2318,2,2527 581
2319,2,2527 581
2320,2,2527 581
2321,2,2527 581
2322,2,2527 581
2323,2,2527 581
2324,2,2527 581
2325,2,2527 581
2326,2,2527 581
2327,2,2527 581
2328,3,2392 2527 581
2329,3,2392 2527 581
2330,3,2392 2527 581
2331,3,2392 2527 581
2332,3,2392 2527 581
2333,3,2392 2527 581
2334,3,2392 2527 581
2335,3,2392 2527 581
2336,3,2392 2527 581
2337,3,2392 2527 581
2338,3,2392 2527 581
2339,3,2392 2527 581
2340,3,2392 2527 581
2341,3,2392 2527 581
2342,3,2392 2527 581
2343,3,2392 2527 581
2344,3,2392 2527 581
2345,3,2392 2527 581
2346,3,2392 2527 581
2347,3,2392 2527 581
2348,3,2392 2527 581
2349,3,2392 2527 581
2350,3,2392 2527 581
2351,3,2392 2527 581
2352,3,2392 2527 581
2353,3,2392 2527 581
2354,3,2392 2527 581
2355,3,2392 2527 581
2356,3,2392 2527 581
2357,3,2392 2527 581
2358,3,2392 2527 581
2359,3,2392 2527 581
2360,3,2392 2527 581
2361,3,2392 2527 581
2362,3,2392 2527 581
2363,3,2392 2527 581
2364,3,2392 2527 581
2365,3,2392 2527 581
2366,3,2392 2527 581
2367,3,2392 2527 581
2368,3,2392 2527 581
2369,3,2392 2527 581
2370,3,2392 2527 581
2371,3,2392 2527 581
2372,3,2392 2527 581
2373,3,2392 2527 581
2374,3,2392 2527 581
2375,3,2392 2527 581
2376,3,2392 2527 581
2377,3,2392 2527 581
2378,3,2392 2527 581
2379,3,2392 2527 581
2380,3,2392 2527 581
2381,3,2392 2527 581
2382,3,2392 2527 581
2383,3,2392 2527 581
2384,4,2392 2527 581 8937
2385,4,2392 2527 581 8937
2386,4,2392 2527 581 8937
2387,4,2392 2527 581 8937
2388,4,2392 2527 581 8937
2389,4,2392 2527 581 8937
2390,3,2392 581 8937
2391,3,2392 581 8937
2392,3,2392 581 8937
2393,3,2392 581 8937
2394,3,2392 581 8937
2395,3,2392 581 8937
2396,3,2392 581 8937
2397,3,2392 581 8937
2398,3,2392 581 8937
2399,3,2392 581 8937
2400,3,2392 581 8937
2401,3,2392 581 8937
2402,3,2392 581 8937
2403,3,2392 581 8937
2404,3,2392 581 8937
2405,3,2392 581 8937
2406,3,2392 581 8937
2407,3,2392 581 8937
2408,3,2392 581 8937
2409,3,2392 581 8937
2410,3,2392 581 8937
2411,3,2392 581 8937
2412,3,2392 581 8937
2413,3,2392 581 8937
2414,3,2392 581 8937
2415,3,2392 581 8937
2416,3,2392 581 8937
2417,4,2392 3600 581 8937
2418,3,2392 3600 581
2419,3,2392 3600 581
2420,3,2392 3600 581
2421,3,2392 3600 581
2422,3,2392 3600 581
2423,3,2392 3600 581
2424,3,2392 3600 581
2425,2,2392 3600
2426,3,2392 3600 581
2427,2,3600 581
2428,3,2392 3600 581
2429,3,2392 3600 581
2430,3,2392 3600 581
2431,3,2392 3600 581
2432,3,2392 3600 581
2433,3,2392 3600 581
2434,3,2392 3600 581
2435,3,2392 3600 581
2436,3,2392 3600 581
2437,3,2392 3600 581
2438,3,2392 3600 581
2439,3,2392 3600 581
2440,3,2392 3600 581
2441,3,2392 3600 581
2442,2,2392 3600
2443,2,2392 3600
2444,2,2392 3600
2445,2,2392 3600
2446,2,2392 3600
2447,2,2392 3600
2448,2,2392 3600
2449,2,2392 3600
2450,2,2392 3600
2451,2,2392 3600
2452,2,2392 3600
2453,2,2392 3600
2454,2,2392 3600
2455,2,2392 3600
2456,2,2392 3600
2457,2,2392 3600
2458,2,2392 3600
2459,2,2392 3600
2460,2,2392 3600
2461,2,2392 3600
2462,2,2392 3600
2463,2,2392 3600
2464,2,2392 3600
2465,2,2392 3600
2466,2,2392 3600
2467,2,2392 3600
2468,2,2392 3600
2469,2,2392 3600
2470,2,2392 3600
2471,2,2392 3600
2472,2,2392 3600
2473,2,2392 3600
2474,2,2392 3600
2475,2,2392 3600
2476,2,2392 3600 7523
2477,3,2392 3600 7523
2478,2,2392 3600
2479,3,2392 3600 7523
2480,2,2392 3600 7523
2481,2,2392 3600
2482,3,2392 3600 7523
2483,3,2392 3600 7523
2484,3,2392 3600 4225
2485,3,2392 3600 4225
2486,2,2392 3600
2487,2,2392 3600
2488,2,2392 3600
2489,3,2392 3600 5548
2490,3,2392 3600 5548
2491,3,2392 3600 5548
2492,3,2392 3600 5548
2493,3,2392 3600 6706
2494,3,2392 3600 6706
2495,3,2392 3600 6706
2496,2,2392 3600
2497,2,2392 3600
2498,2,2392 3600
2499,2,2392 3600
2500,2,2392 3600
2501,2,2392 3600
2502,2,2392 3600
2503,2,2392 3600 535
2504,2,2392 3600 5796
2505,2,2392 3600 5448
2506,2,2392 3600
2507,4,1073 1132 2392 3600
2508,2,2392 3600
2509,2,2392 3600
2510,2,2392 3600
2511,2,2392 3600
2512,2,2392 3600
2513,3,2273 2392 3600
2514,3,2392 3600 6386
2515,2,2392 3600
2516,2,2392 3600
2517,2,2392 3600
2518,2,2392 3600
2519,2,2392 3600
2520,2,2392 3600
2521,1,2392
2522,3,2392 3444 3600
2523,3,2392 3444 3600
2524,2,2392 3600
2525,2,2392 3600
2526,2,2392 3600
2527,2,2392 3600
2528,2,2392 3600
2529,2,2392 3600
2530,2,2392 3600
2531,2,2392 3600
2532,2,2392 3600
2533,2,2392 3600
2534,2,2392 3600
2535,2,2392 3600
2536,2,2392 3600
2537,2,2392 3600
2538,2,2392 3600
2539,1,2392 3600
2540,2,2392 3600
2541,2,2392 3600
2542,2,2392 3600
2543,2,2392 3600
2544,2,2392 3600
2545,2,2392 3600
2546,2,2392 3600
2547,2,2392 3600
2548,2,2392 3600
2549,2,2392 3600
2550,2,2392 3600
2551,2,2392 3600
2552,2,2392 3600
2553,2,2392 3600
2554,2,2392 3600
2555,2,2392 3600
2556,2,2392 3600
2557,2,2392 3600
2558,2,2392 3600
2559,2,2392 3600
2560,2,2392 3600
2561,2,2392 3600
2562,2,2392 3600
2563,2,2392 3600
2564,2,2392 3600
2565,2,2392 3600
2566,2,2392 3600
2567,2,2392 3600
2568,2,2392 3600
2569,2,2392 3600
2570,2,2392 3600
2571,2,2392 3600
2572,2,2392 3600
2573,2,2392 3600
2574,2,2392 3600
2575,2,2392 3600
2576,2,2392 3600
2577,2,2392 3600
2578,2,2392 3600
2579,3,2392 3600 5443
2580,2,2392 3600
2581,2,2392 3600
2582,2,2392 3600
2583,2,2392 3600
2584,2,2392 3600
2585,2,2392 3600
2586,2,2392 3600
2587,2,2392 3600
2588,2,2392 3600
2589,2,2392 3600
2590,2,2392 3600
2591,2,2392 3600
2592,2,2392 3600
2593,2,2392 3600
2594,2,2392 3600
2595,2,2392 3600
2596,2,2392 3600
2597,2,2392 3600
2598,2,2392 3600
2599,2,2392 3600
2600,2,2392 3600
2601,2,2392 3600
2602,2,2392 3600
2603,2,2392 3600
2604,2,2392 3600
2605,2,2392 3600
2606,2,2392 3600
2607,2,2392 3600
2608,2,2392 3600
2609,2,2392 3600
2610,2,2392 3600
2611,2,2392 3600
2612,2,2392 3600
2613,2,2392 3600
2614,2,2392 3600
2615,2,2392 3600
2616,2,2392 3600
2617,2,2392 3600
2618,2,2392 3600
2619,2,2392 3600
2620,2,2392 3600
2621,2,2392 3600
2622,2,2392 3600
2623,2,2392 3600
2624,2,2392 3600
2625,1,3600
2626,1,3600
2627,2,2392 3600
2628,2,2392 3600
2629,2,2392 3600
2630,2,2392 3600
2631,2,2392 3600
2632,2,2392 3600
2633,2,2392 3600
2634,2,2392 3600
2635,2,2392 3600
2636,2,2392 3600
2637,2,2392 3600
2638,2,2392 3600
2639,2,2392 3600
2640,2,2392 3600
2641,2,2392 3600
2642,2,2392 3600
2643,2,2392 3600
2644,2,2392 3600
2645,2,2392 3600
2646,2,2392 3600
2647,2,2392 3600
2648,2,2392 3600
2649,2,2392 3600
2650,2,2392 3600
2651,2,2392 3600
2652,2,2392 3600
2653,2,2392 3600
2654,2,2392 3600
2655,2,2392 3600
2656,2,2392 3600
2657,2,2392 3600
2658,2,2392 3600
2659,2,2392 3600
2660,2,2392 3600
2661,2,2392 3600
2662,2,2392 3600
2663,2,2392 3600
2664,2,2392 3600
2665,2,2392 3600
2666,2,2392 3600
2667,2,2392 3600
2668,2,2392 3600
2669,2,2392 3600
2670,2,2392 3600
2671,2,2392 3600
2672,2,2392 3600
2673,2,2392 3600
2674,2,2392 3600
2675,2,2392 3600
2676,2,2392 3600
2677,2,2392 3600
2678,2,2392 3600
2679,2,2392 3600
2680,2,2392 3600
2681,2,2392 3600
2682,2,2392 3600
2683,2,2392 3600
2684,2,2392 3600
2685,2,2392 3600
2686,2,2392 3600
2687,2,2392 3600
2688,2,2392 3600
2689,2,2392 3600
2690,2,2392 3600
2691,2,2392 3600
2692,2,2392 3600
2693,2,2392 3600
2694,2,2392 3600
2695,2,2392 3600
2696,2,2392 3600
2697,2,2392 3600
2698,2,2392 3600
2699,2,2392 3600
2700,2,2392 3600
2701,2,2392 3600
2702,2,2392 3600
2703,2,2392 3600
2704,2,2392 3600
2705,2,2392 3600
2706,2,2392 3600
2707,2,2392 3600
2708,2,2392 3600
2709,2,2392 3600
2710,2,2392 3600
2711,2,2392 3600
2712,2,2392 3600
2713,2,2392 3600
2714,2,2392 3600
2715,2,2392 3600
2716,2,2392 3600
2717,2,2392 3600
2718,2,2392 3600
2719,2,2392 3600
2720,2,2392 3600
2721,2,2392 3600
2722,2,2392 3600
2723,2,2392 3600
2724,3,1076 2392 3600
2725,3,1076 2392 3600
2726,3,1076 2392 3600
2727,3,1076 2392 3600
2728,3,1076 2392 3600
2729,3,1076 2392 3600
2730,3,1076 2392 3600
2731,3,1076 2392 3600
2732,3,1076 2392 3600
2733,3,1076 2392 3600
2734,3,1076 2392 3600
2735,3,1076 2392 3600
2736,3,1076 2392 3600
2737,3,1076 2392 3600
2738,3,1076 2392 3600
2739,3,1076 2392 3600
2740,3,1076 2392 3600
2741,3,1076 2392 3600
2742,3,1076 2392 3600
2743,3,1076 2392 3600
2744,3,1076 2392 3600
2745,3,1076 2392 3600
2746,3,1076 2392 3600
2747,2,1076 2392
2748,2,1076 2392
2749,2,1076 2392
2750,2,1076 2392
2751,2,1076 2392
2752,2,1076 2392
2753,2,1076 2392
2754,2,1076 2392
2755,2,1076 2392
2756,2,1076 2392
2757,2,1076 2392
2758,2,1076 2392
2759,2,1076 2392
2760,2,1076 2392
2761,2,1076 2392
2762,2,1076 2392
2763,2,1076 2392
2764,2,1076 2392
2765,2,1076 2392
2766,2,1076 2392
2767,2,1076 2392
2768,2,1076 2392
2769,2,1076 2392
2770,2,1076 2392
2771,2,1076 2392
2772,2,1076 2392
2773,2,1076 2392
2774,1,1076 2392
2775,1,2392
2776,1,2392
2777,1,2392
2778,1,2392
2779,2,2392 4611
2780,2,2392 4611
2781,2,2392 4611
2782,2,2392 4611
2783,2,2392 4611
2784,2,2392 4611
2785,2,2392 4611
2786,2,2392 4611
2787,2,2392 4611
2788,2,2392 4611
2789,2,2392 4611
2790,2,2392 4611
2791,2,2392 4611
2792,2,2392 4611
2793,2,2392 4611
2794,2,2392 4611
2795,2,2392 4611
2796,2,2392 4611
2797,2,2392 4611
2798,2,2392 4611
2799,2,2392 4611
2800,2,2392 4611
2801,2,2392 4611
2802,2,2392 4611
2803,2,2392 4611
2804,2,2392 4611
2805,2,2392 4611
2806,2,2392 4611
2807,2,2392 4611
2808,2,2392 4611
2809,2,2392 4611
2810,2,2392 4611
2811,2,2392 4611
2812,2,2392 4611
2813,2,2392 4611
2814,2,2392 4611
2815,2,2392 4611
2816,2,2392 4611
2817,2,2392 4611
2818,2,2392 4611
2819,2,2392 4611
2820,2,2392 4611
2821,2,2392 4611
2822,2,2392 4611
2823,2,2392 4611
2824,2,2392 4611
2825,2,2392 4611
2826,2,2392 4611
2827,2,2392 4611
2828,2,2392 4611
2829,2,2392 4611
2830,2,2392 4611
2831,2,2392 4611
2832,2,2392 4611
2833,2,2392 4611
2834,2,2392 4611
2835,2,2392 4611
2836,2,2392 4611
2837,2,2392 4611
2838,2,2392 4611
2839,2,2392 4611
2840,2,2392 4611
2841,2,2392 4611
2842,2,2392 4611
2843,2,2392 4611
2844,2,2392 4611
2845,2,2392 4611
2846,2,2392 4611
2847,2,2392 4611
2848,2,2392 4611
2849,2,2392 4611
2850,2,2392 4611
2851,2,2392 4611
2852,2,2392 4611
2853,2,2392 4611
2854,2,2392 4611
2855,2,2392 4611
2856,2,2392 4611
2857,2,2392 4611
2858,2,2392 4611
2859,2,2392 4611
2860,2,2392 4611
2861,2,2392 4611
2862,2,2392 4611
2863,2,2392 4611
2864,2,2392 4611
2865,0,
2866,0,
2867,0,
2868,0,
2869,0,
2870,0,
2871,0,
2872,0,
2873,0,
2874,0,
2875,0,
2876,0,
2877,0,
2878,0,
2879,0,
2880,0,
2881,0,
2882,0,
2883,0,
2884,0,
2885,0,
2886,0,
2887,0,
2888,0,
2889,0,
2890,0,
2891,0,
2892,0,
2893,0,
2894,0,
2895,0,
2896,0,
2897,0,
2898,0,
2899,0,
2900,0,
2901,0,
2902,0,
2903,0,
2904,0,
2905,0,
2906,0,
2907,0,
2908,0,
2909,0,
2910,0,
2911,1,4592
2912,1,4592
2913,1,4592
2914,1,4592
2915,1,4592
2916,1,4592
2917,1,4592
2918,1,4592
2919,1,4592
2920,1,4592
2921,1,4592
2922,1,4592
2923,1,4592
2924,1,4592
2925,1,4592
2926,1,4592
2927,1,4592
2928,1,4592
2929,1,4592
2930,1,4592
2931,1,4592
2932,1,4592
2933,1,4592
2934,1,4592
2935,1,4592
2936,1,4592
2937,1,4592
2938,1,4592
2939,1,4592
2940,1,4592
2941,1,4592
2942,1,4592
2943,1,4592
2944,1,4592
2945,1,4592
2946,2,4592 8402
2947,2,4592 8402
2948,2,4592 8402
2949,2,4592 8402
2950,2,4592 8402
2951,2,4592 8402
2952,2,4592 8402
2953,2,4592 8402
2954,2,4592 8402
2955,2,4592 8402
2956,2,4592 8402
2957,2,4592 8402
2958,2,4592 8402
2959,2,4592 8402
2960,2,4592 8402
2961,2,4592 8402
2962,2,4592 8402
2963,2,4592 8402
2964,2,4592 8402
2965,2,4592 8402
2966,2,4592 8402
2967,2,4592 8402
2968,2,4592 8402
2969,2,4592 8402
2970,2,4592 8402
2971,2,4592 8402
2972,2,4592 8402
2973,2,4592 8402
2974,2,4592 8402
2975,2,4592 8402
2976,2,4592 8402
2977,2,4592 8402
2978,2,4592 8402
2979,2,4592 8402
2980,2,4592 8402
2981,2,4592 8402
2982,2,4592 8402
2983,2,4592 8402
2984,2,4592 8402
2985,2,4592 8402
2986,2,4592 8402
2987,2,4592 8402
2988,2,4592 8402
2989,2,4592 8402
2990,2,4592 8402
2991,2,4592 8402
2992,2,4592 8402
2993,2,4592 8402
2994,2,4592 8402
2995,2,4592 8402
2996,2,4592 8402
2997,2,4592 8402
2998,2,4592 8402
2999,2,4592 8402
3000,2,4592 8402
3001,2,4592 8402
3002,2,4592 8402
3003,2,4592 8402
3004,2,4592 8402
3005,2,4592 8402
3006,2,4592 8402
3007,2,4592 8402
3008,2,4592 8402
3009,2,4592 8402
3010,2,4592 8402
3011,2,4592 8402
3012,2,4592 8402
3013,2,4592 8402
3014,2,4592 8402
3015,2,4592 8402
3016,2,4592 8402
3017,2,4592 8402
3018,2,4592 8402
3019,2,4592 8402
3020,2,4592 8402
3021,2,4592 8402
3022,2,4592 8402
3023,2,4592 8402
3024,2,4592 8402
3025,2,4592 8402
3026,2,4592 8402
3027,2,4592 8402
3028,2,4592 8402
3029,2,4592 8402
3030,2,4592 8402
3031,2,4592 8402
3032,2,4592 8402
3033,2,4592 8402
3034,2,4592 8402
3035,2,4592 8402
3036,2,4592 8402
3037,2,4592 8402
3038,2,4592 8402
3039,2,4592 8402
3040,2,4592 8402
3041,2,4592 8402
3042,2,4592 8402
3043,2,4592 8402
3044,2,4592 8402
3045,2,4592 8402
3046,2,4592 8402
3047,2,4592 8402
3048,2,4592 8402
3049,2,4592 8402
3050,2,4592 8402
3051,2,4592 8402
3052,2,4592 8402
3053,2,4592 8402
3054,2,4592 8402
3055,2,4592 8402
3056,2,4592 8402
3057,2,4592 8402
3058,2,4592 8402
3059,2,4592 8402
3060,2,4592 8402
3061,2,4592 8402
3062,2,4592 8402
3063,2,4592 8402
3064,2,4592 8402
3065,2,4592 8402
3066,2,4592 8402
3067,2,4592 8402
3068,2,4592 8402
3069,2,4592 8402
3070,2,4592 8402
3071,2,4592 8402
3072,2,4592 8402
3073,2,4592 8402
3074,2,4592 8402
3075,2,4592 8402
3076,2,4592 8402
3077,2,4592 8402
3078,2,4592 8402
3079,2,4592 8402
3080,2,4592 8402
3081,2,4592 8402
3082,2,4592 8402
3083,2,4592 8402
3084,2,4592 8402
3085,2,4592 8402
3086,2,4592 8402
3087,2,4592 8402
3088,2,4592 8402
3089,2,4592 8402
3090,2,4592 8402
3091,2,4592 8402
3092,2,4592 8402
3093,2,4592 8402
3094,2,4592 8402
3095,2,4592 8402
3096,2,4592 8402
3097,2,4592 8402
3098,2,4592 8402
3099,2,4592 8402
3100,2,4592 8402
3101,2,4592 8402
3102,2,4592 8402
3103,3,1080 4592 8402
3104,3,1080 4592 8402
3105,3,1080 4592 8402
3106,3,1080 4592 8402
3107,3,1080 4592 8402
3108,3,1080 4592 8402
3109,2,1080 4592 8402
3110,3,1080 4592 8402
3111,3,1080 4592 8402
3112,3,1080 4592 8402
3113,2,4592 8402
3114,2,4592 8402
3115,2,4592 8402
3116,2,4592 8402
3117,2,4592 8402
3118,2,4592 8402
3119,2,4592 8402
3120,2,4592 8402
3121,2,4592 8402
3122,2,4592 8402
3123,2,4592 8402
3124,2,4592 8402
3125,2,4592 8402
3126,2,4592 8402
3127,2,4592 8402
3128,2,4592 8402
3129,2,4592 8402
3130,2,4592 8402
3131,2,4592 8402
3132,2,4592 8402
3133,2,4592 8402
3134,2,4592 8402
3135,2,4592 8402
3136,2,4592 8402
3137,2,4592 8402
3138,2,4592 8402
3139,2,4592 8402
3140,2,4592 8402
3141,2,4592 8402
3142,2,4592 8402
3143,2,4592 8402
3144,2,4592 8402
3145,2,4592 8402
3146,2,4592 8402
3147,2,4592 8402
3148,2,4592 8402
3149,2,4592 8402
3150,2,4592 8402
3151,2,4592 8402
3152,2,4592 8402
3153,2,4592 8402
3154,2,4592 8402
3155,2,4592 8402
3156,2,4592 8402
3157,2,4592 8402
3158,2,4592 8402
3159,2,4592 8402
3160,2,4592 8402
3161,2,4592 8402
3162,2,4592 8402
3163,2,4592 8402
3164,2,4592 8402
3165,2,4592 8402
3166,2,4592 8402
3167,2,4592 8402
3168,2,4592 8402
3169,2,4592 8402
3170,2,4592 8402
3171,2,4592 8402
3172,2,4592 8402
3173,2,4592 8402
3174,2,4592 8402
3175,2,4592 8402
3176,2,4592 8402
3177,2,4592 8402
3178,2,4592 8402
3179,2,4592 8402
3180,2,4592 8402
3181,2,4592 8402
3182,2,4592 8402
3183,2,4592 8402
3184,2,4592 8402
3185,2,4592 8402
3186,2,4592 8402
3187,2,4592 8402
3188,2,4592 8402
3189,2,4592 8402
3190,2,4592 8402
3191,2,4592 8402
3192,2,4592 8402
3193,2,4592 8402
3194,2,4592 8402
3195,2,4592 8402
3196,2,4592 8402
3197,2,4592 8402
3198,2,4592 8402
3199,2,4592 8402
3200,2,4592 8402
3201,2,4592 8402
3202,2,4592 8402
3203,2,4592 8402
3204,2,4592 8402
3205,2,4592 8402
3206,2,4592 8402
3207,2,4592 8402
3208,2,4592 8402
3209,2,4592 8402
3210,2,4592 8402
3211,2,4592 8402
3212,2,4592 8402
3213,2,4592 8402
3214,2,4592 8402
3215,2,4592 8402
3216,2,4592 8402
3217,2,4592 8402
3218,2,4592 8402
3219,2,4592 8402
3220,2,4592 8402
3221,2,4592 8402
3222,2,4592 8402
3223,2,4592 8402
3224,2,4592 8402
3225,2,4592 8402
3226,2,4592 8402
3227,2,4592 8402
3228,2,4592 8402
3229,2,4592 8402
3230,2,4592 8402
3231,2,4592 8402
3232,2,4592 8402
3233,2,4592 8402
3234,2,4592 8402
3235,2,4592 8402
3236,2,4592 8402
3237,2,4592 8402
3238,1,4592
3239,2,4592 8402
3240,2,4592 8402
3241,2,4592 8402
3242,2,4592 8402
3243,2,4592 8402
3244,2,4592 8402
3245,2,4592 8402
3246,2,4592 8402
3247,2,4592 8402
3248,2,4592 8402
3249,2,4592 8402
3250,2,4592 8402
3251,2,4592 8402
3252,1,8402
3253,2,4592 8402
3254,2,4592 8402
3255,2,4592 8402
3256,2,4592 8402
3257,2,4592 8402
3258,2,4592 8402
3259,2,4592 8402
3260,2,4592 8402
3261,2,4592 8402
3262,2,4592 8402
3263,2,4592 8402
3264,2,4592 8402
3265,2,4592 8402
3266,2,4592 8402
3267,2,4592 8402
3268,2,4592 8402
3269,2,4592 8402
3270,2,4592 8402
3271,2,4592 8402
3272,2,4592 8402
3273,2,4592 8402
3274,2,4592 8402
3275,2,4592 8402
3276,2,4592 8402
3277,2,4592 8402
3278,2,4592 8402
3279,2,4592 8402
3280,2,4592 8402
3281,2,4592 8402
3282,2,4592 8402
3283,2,4592 8402
3284,2,4592 8402
3285,2,4592 8402
3286,2,4592 8402
3287,2,4592 8402
3288,2,4592 8402
3289,2,4592 8402
3290,2,4592 8402
3291,2,4592 8402
3292,2,4592 8402
3293,2,4592 8402
3294,2,4592 8402
3295,2,4592 8402
3296,2,4592 8402
3297,2,4592 8402
3298,2,4592 8402
3299,2,4592 8402
3300,2,4592 8402
3301,2,4592 8402
3302,2,4592 8402
3303,2,4592 8402
3304,2,4592 8402
3305,2,4592 8402
3306,2,4592 8402
3307,2,4592 8402
3308,3,1789 4592 8402
3309,3,1789 4592 8402
3310,3,1789 4592 8402
3311,3,1789 4592 8402
3312,3,1789 4592 8402
3313,3,1789 4592 8402
3314,3,1789 4592 8402
3315,3,1789 4592 8402
3316,3,1789 4592 8402
3317,3,1789 4592 8402
3318,3,1789 4592 8402
3319,3,1789 4592 8402
3320,3,1789 4592 8402
3321,3,1789 4592 8402
3322,3,1789 4592 8402
3323,3,1789 4592 8402
3324,3,1789 4592 8402
3325,3,1789 4592 8402
3326,3,1789 4592 8402
3327,3,1789 4592 8402
3328,3,1789 4592 8402
3329,3,1789 4592 8402
3330,3,1789 4592 8402
3331,3,1789 4592 8402
3332,3,1789 4592 8402
3333,3,1789 4592 8402
3334,3,1789 4592 8402
3335,3,1789 4592 8402
3336,3,1789 4592 8402
3337,3,1789 4592 8402
3338,3,1789 4592 8402
3339,3,1789 4592 8402
3340,3,1789 4592 8402
3341,4,1789 3071 4592 8402
3342,3,1789 3071 4592
3343,3,1789 3071 4592
3344,3,1789 3071 4592
3345,4,1789 3071 4592 8402
3346,4,1789 3071 4592 8402
3347,4,1789 3071 4592 8402
3348,4,1789 3071 4592 8402
3349,3,1789 4592 8402
3350,3,1789 4592 8402
3351,3,1789 4592 8402
3352,3,1789 4592 8402
3353,3,1789 4592 8402
3354,3,1789 4592 8402
3355,2,1789 4592
3356,3,1789 4592 8402
3357,3,1789 4592 8402
3358,3,1789 4592 8402
3359,3,1789 4592 8402
3360,3,1789 4592 8402
3361,3,1789 4592 8402
3362,3,1789 4592 8402
3363,3,1789 4592 8402
3364,3,1789 4592 8402
3365,3,1789 4592 8402
3366,3,1789 4592 8402
3367,3,1789 4592 8402
3368,2,1789 4592 8402
3369,3,1789 4592 8402
3370,3,1789 4592 8402
3371,3,1789 4592 8402
3372,3,1789 4592 8402
3373,2,1789 4592 8402
3374,3,1789 4592 8402
3375,3,1789 4592 8402
3376,2,1789 8402
3377,2,1789 8402
3378,2,1789 8402
3379,2,1789 8402
3380,2,1789 8402
3381,2,1789 8402
3382,2,1789 8402
3383,2,1789 8402
3384,2,1789 8402
3385,2,1789 8402
3386,2,1789 8402
3387,2,1789 8402
3388,2,1789 8402
3389,2,1789 8402
3390,2,1789 8402
3391,2,1789 8402
3392,2,1789 8402
3393,2,1789 8402
3394,2,1789 8402
3395,2,1789 8402
3396,2,1789 8402
3397,2,1789 8402
3398,2,1789 8402
3399,2,1789 8402
3400,2,1789 8402
3401,2,1789 8402
3402,2,1789 8402
3403,2,1789 8402
3404,2,1789 8402
3405,2,1789 8402
3406,2,1789 8402
3407,2,1789 8402
3408,2,1789 8402
3409,2,1789 8402
3410,2,1789 8402
3411,2,1789 8402
3412,2,1789 8402
3413,2,1789 8402
3414,2,1789 8402
3415,2,1789 8402
3416,2,1789 8402
3417,2,1789 8402
3418,2,1789 8402
3419,2,1789 8402
3420,2,1789 8402
3421,2,1789 8402
3422,2,1789 8402
3423,2,1789 8402
3424,2,1789 8402
3425,2,1789 8402
3426,2,1789 8402
3427,2,1789 8402
3428,2,1789 8402
3429,2,1789 8402
3430,2,1789 8402
3431,2,1789 8402
3432,2,1789 8402
3433,2,1789 8402
3434,2,1789 8402
3435,2,1789 8402
3436,2,1789 8402
3437,2,1789 8402
3438,2,1789 8402
3439,2,1789 8402
3440,2,1789 8402
3441,2,1789 8402
3442,2,1789 8402
3443,2,1789 8402
3444,2,1789 8402
3445,2,1789 8402
3446,2,1789 8402
3447,2,1789 8402
3448,2,1789 8402
3449,2,1789 8402
3450,2,1789 8402
3451,2,1789 8402
3452,2,1789 8402
3453,2,1789 8402
3454,2,1789 8402
3455,2,1789 8402
3456,2,1789 8402
3457,2,1789 8402
3458,2,1789 8402
3459,2,1789 8402
3460,2,1789 8402
3461,2,1789 8402
3462,2,1789 8402
3463,2,1789 8402
3464,2,1789 8402
3465,2,1789 8402
3466,2,1789 8402
3467,2,1789 8402
3468,2,1789 8402
3469,2,1789 8402
3470,2,1789 8402
3471,2,1789 8402
3472,2,1789 8402
3473,2,1789 8402
3474,2,1789 8402
3475,2,1789 8402
3476,2,1789 8402
3477,2,1789 8402
3478,2,1789 8402
3479,2,1789 8402
3480,2,1789 8402
3481,2,1789 8402
3482,2,1789 8402
3483,2,1789 8402
3484,2,1789 8402
3485,2,1789 8402
3486,2,1789 8402
3487,2,1789 8402
3488,2,1789 8402
3489,2,1789 8402
3490,2,1789 8402
3491,2,1789 8402
3492,2,1789 8402
3493,2,1789 8402
3494,2,1789 8402
3495,2,1789 8402
3496,2,1789 8402
3497,2,1789 8402
3498,2,1789 8402
3499,2,1789 8402
3500,2,1789 8402
3501,2,1789 8402
3502,2,1789 8402
3503,2,1789 8402
3504,2,1789 8402
3505,1,1789
3506,1,1789
3507,1,1789
3508,1,1789
3509,1,1789
3510,1,1789
3511,1,1789
3512,1,1789
3513,1,1789
3514,1,1789
3515,1,1789
3516,1,1789
3517,1,1789
3518,1,1789
3519,1,1789
3520,1,1789
3521,1,1789
3522,1,1789
3523,1,1789
3524,1,1789
3525,1,1789
3526,1,1789
3527,1,1789
3528,1,1789
3529,1,1789
3530,1,1789
3531,1,1789
3532,1,1789
3533,1,1789
3534,1,1789
3535,1,1789
3536,1,1789
3537,1,1789
3538,1,1789
3539,1,1789
3540,1,1789
3541,1,1789
3542,1,1789
3543,1,1789
3544,1,1789
3545,1,1789
3546,1,1789
3547,1,1789
3548,1,1789
3549,1,1789
3550,1,1789
3551,2,1789 3081
3552,1,1789
3553,1,1789
3554,1,1789
3555,1,1789
3556,2,1789 3081
3557,2,1789 3081
3558,2,1789 3081
3559,2,1789 3081
3560,2,1789 3081
3561,2,1789 3081
3562,2,1789 3081
3563,2,1789 3081
3564,2,1789 3081
3565,2,1789 3081
3566,2,1789 3081
3567,2,1789 3081
3568,2,1789 3081
3569,2,1789 3081
3570,2,1789 3081
3571,2,1789 3081
3572,2,1789 3081
3573,2,1789 3081
3574,2,1789 3081
3575,2,1789 3081
3576,2,1789 3081
3577,2,1789 3081
3578,2,1789 3081
3579,2,1789 3081
3580,2,1789 3081
3581,2,1789 3081
3582,2,1789 3081
3583,2,1789 3081
3584,2,1789 3081
3585,2,1789 3081
3586,2,1789 3081
3587,2,1789 3081
3588,2,1789 3081
3589,2,1789 3081
3590,2,1789 3081
3591,2,1789 3081
3592,2,1789 3081
3593,2,1789 3081
3594,2,1789 3081
3595,2,1789 3081
3596,2,1789 3081
3597,2,1789 3081
3598,2,1789 3081
3599,2,1789 3081
3600,2,1789 3081
3601,2,1789 3081
3602,2,1789 3081
3603,2,1789 3081
3604,2,1789 3081
3605,2,1789 3081
3606,2,1789 3081
3607,2,1789 3081
3608,2,1789 3081
3609,2,1789 3081
3610,2,1789 3081
3611,2,1789 3081
3612,2,1789 3081
3613,2,1789 3081
3614,2,1789 3081
3615,2,1789 3081
3616,2,1789 3081
3617,2,1789 3081
3618,2,1789 3081
3619,2,1789 3081
3620,2,1789 3081
3621,2,1789 3081
3622,2,1789 3081
3623,2,1789 3081
3624,2,1789 3081
3625,2,1789 3081
3626,2,1789 3081
3627,2,1789 3081
3628,2,1789 3081
3629,2,1789 3081
3630,1,1789
3631,1,1789
3632,1,1789
3633,1,1789
3634,1,1789
3635,1,1789
3636,1,1789
3637,1,1789
3638,1,1789
3639,1,1789
3640,1,1789
3641,1,1789
3642,1,1789
3643,1,1789
3644,1,1789
3645,1,1789
3646,1,1789
3647,1,1789
3648,1,1789
3649,1,1789
3650,1,1789
3651,1,1789
3652,1,1789
3653,1,1789
3654,1,1789
3655,1,1789
3656,1,1789
3657,1,1789
3658,1,1789
3659,1,1789
3660,1,1789
3661,1,1789
3662,1,1789
3663,1,1789
3664,1,1789
3665,1,1789
3666,1,1789
3667,1,1789
3668,1,1789
3669,1,1789
3670,1,1789
3671,1,1789
3672,1,1789
3673,1,1789
3674,1,1789
3675,1,1789
3676,2,1789 2061
3677,2,1789 2061
3678,2,1789 2061
3679,2,1789 2061
3680,2,1789 2061
3681,2,1789 2061
3682,2,1789 2061
3683,2,1789 2061
3684,2,1789 2061
3685,2,1789 2061
3686,2,1789 2061
3687,2,1789 2061
3688,2,1789 2061
3689,2,1789 2061
3690,2,1789 2061
3691,2,1789 2061
3692,2,1789 2061
3693,2,1789 2061
3694,2,1789 2061
3695,2,1789 2061
3696,2,1789 2061
3697,2,1789 2061
3698,2,1789 2061
3699,2,1789 2061
3700,2,1789 2061
3701,2,1789 2061
3702,2,1789 2061
3703,2,1789 2061
3704,2,1789 2061
3705,2,1789 2061
3706,2,1789 2061
3707,2,1789 2061
3708,2,1789 2061
3709,2,1789 2061
3710,2,1789 2061
3711,2,1789 2061
3712,2,1789 2061
3713,2,1789 2061
3714,2,1789 2061
3715,2,1789 2061
3716,2,1789 2061
3717,2,1789 2061
3718,2,1789 2061
3719,2,1789 2061
3720,2,1789 2061
3721,2,1789 2061
3722,2,1789 2061
3723,2,1789 2061
3724,2,1789 2061
3725,2,1789 2061
3726,2,1789 2061
3727,3,1789 2061 298
3728,3,1789 2061 298
3729,3,1789 2061 298
3730,3,1789 2061 298
3731,3,1789 2061 298
3732,3,1789 2061 298
3733,3,1789 2061 298
3734,3,1789 2061 298
3735,3,1789 2061 298
3736,3,1789 2061 298
3737,3,1789 2061 298
3738,2,1789 2061
3739,3,1789 2061 298
3740,3,1789 2061 298
3741,3,1789 2061 298
3742,3,1789 2061 298
3743,3,1789 2061 298
3744,3,1789 2061 298
3745,3,1789 2061 298
3746,3,1789 2061 298
3747,3,1789 2061 298
3748,3,1789 2061 298
3749,3,1789 2061 298
3750,3,1789 2061 298
3751,3,1789 2061 298
3752,3,1789 2061 298
3753,3,1789 2061 298
3754,3,1789 2061 298
3755,3,1789 2061 298
3756,3,1789 2061 298
3757,3,1789 2061 298
3758,3,1789 2061 298
3759,3,1789 2061 298
3760,3,1789 2061 298
3761,3,1789 2061 298
3762,3,1789 2061 298
3763,3,1789 2061 298
3764,3,1789 2061 298
3765,3,1789 2061 298
3766,3,1789 2061 298
3767,3,1789 2061 298
3768,3,1789 2061 298
3769,3,1789 2061 298
3770,3,1789 2061 298
3771,3,1789 2061 298
3772,3,1789 2061 298
3773,3,1789 2061 298
3774,3,1789 2061 298
3775,3,1789 2061 298
3776,3,1789 2061 298
3777,3,1789 2061 298
3778,3,1789 2061 298
3779,3,1789 2061 298
3780,3,1789 2061 298
3781,3,1789 2061 298
3782,3,1789 2061 298
3783,3,1789 2061 298
3784,3,1789 2061 298
3785,3,1789 2061 298
3786,3,1789 2061 298
3787,3,1789 2061 298
3788,3,1789 2061 298
3789,3,1789 2061 298
3790,3,1789 2061 298
3791,3,1789 2061 298
3792,3,1789 2061 298
3793,3,1789 2061 298
3794,3,1789 2061 298
3795,3,1789 2061 298
3796,3,1789 2061 298
3797,3,1789 2061 298
3798,3,1789 2061 298
3799,3,1789 2061 298
3800,3,1789 2061 298
3801,3,1789 2061 298
3802,3,1789 2061 298
3803,3,1789 2061 298
3804,3,1789 2061 298
3805,3,1789 2061 298
3806,3,1789 2061 298
3807,3,1789 2061 298
3808,3,1789 2061 298
3809,3,1789 2061 298
3810,3,1789 2061 298
3811,3,1789 2061 298
3812,3,1789 2061 298
3813,3,1789 2061 298
3814,3,1789 2061 298
3815,3,1789 2061 298
3816,3,1789 2061 298
3817,3,1789 2061 298
3818,3,1789 2061 298
3819,3,1789 2061 298
3820,3,1789 2061 298
3821,3,1789 2061 298
3822,3,1789 2061 298
3823,3,1789 2061 298
3824,3,1789 2061 298
3825,3,1789 2061 298
3826,3,1789 2061 298
3827,3,1789 2061 298
3828,3,1789 2061 298
3829,3,1789 2061 298
3830,3,1789 2061 298
3831,3,1789 2061 298
3832,3,1789 2061 298
3833,3,1789 2061 298
3834,3,1789 2061 298
3835,3,1789 2061 298
3836,3,1789 2061 298
3837,3,1789 2061 298
3838,3,1789 2061 298
3839,3,1789 2061 298
3840,3,1789 2061 298
3841,3,1789 2061 298
3842,3,1789 2061 298
3843,3,1789 2061 298
3844,3,1789 2061 298
3845,3,1789 2061 298
3846,3,1789 2061 298
3847,3,1789 2061 298
3848,3,1789 2061 298
3849,3,1789 2061 298
3850,3,1789 2061 298
3851,3,1789 2061 298
3852,3,1789 2061 298
3853,3,1789 2061 298
3854,3,1789 2061 298
3855,3,1789 2061 298
3856,3,1789 2061 298
3857,3,1789 2061 298
3858,3,1789 2061 298
3859,3,1789 2061 298
3860,3,1789 2061 298
3861,3,1789 2061 298
3862,3,1789 2061 298
3863,3,1789 2061 298
3864,3,1789 2061 298
3865,3,1789 2061 298
3866,3,1789 2061 298
3867,3,1789 2061 298
3868,3,1789 2061 298
3869,3,1789 2061 298
3870,3,1789 2061 298
3871,3,1789 2061 298
3872,3,1789 2061 298
3873,3,1789 2061 298
3874,3,1789 2061 298
3875,3,1789 2061 298
3876,3,1789 2061 298
3877,3,1789 2061 298
3878,3,1789 2061 298
3879,3,1789 2061 298
3880,3,1789 2061 298
3881,3,1789 2061 298
3882,3,1789 2061 298
3883,3,1789 2061 298
3884,3,1789 2061 298
3885,3,1789 2061 298
3886,3,1789 2061 298
3887,3,1789 2061 298
3888,3,1789 2061 298
3889,3,1789 2061 298
3890,3,1789 2061 298
3891,3,1789 2061 298
3892,3,1789 2061 298
3893,3,1789 2061 298
3894,3,1789 2061 298
3895,3,1789 2061 298
3896,3,1789 2061 298
3897,3,1789 2061 298
3898,3,1789 2061 298
3899,3,1789 2061 298
3900,3,1789 2061 298
3901,3,1789 2061 298
3902,3,1789 2061 298
3903,3,1789 2061 298
3904,3,1789 2061 298
3905,3,1789 2061 298
3906,3,1789 2061 298
3907,3,1789 2061 298
3908,3,1789 2061 298
3909,3,1789 2061 298
3910,4,125 1789 2061 298
3911,5,125 1789 2061 298 8967
3912,5,125 1789 2061 298 8967
3913,5,125 1789 2061 298 8967
3914,4,125 1789 2061 298 8967
3915,5,125 1789 2061 298 8967
3916,5,125 1789 2061 298 8967
3917,5,125 1789 2061 298 8967
3918,5,125 1789 2061 298 8967
3919,5,125 1789 2061 298 8967
3920,5,125 1789 2061 298 8967
3921,5,125 1789 2061 298 8967
3922,5,125 1789 2061 298 8967
3923,4,125 1789 2061 298
3924,4,125 1789 2061 298
3925,3,125 1789 2061
3926,4,125 1789 2061 298
3927,4,125 1789 2061 298
3928,3,1789 2061 298
3929,3,1789 2061 298
3930,3,1789 2061 298
3931,3,1789 2061 298
3932,3,1789 2061 298
3933,3,1789 2061 298
3934,3,1789 2061 298
3935,3,1789 2061 298
3936,3,1789 2061 298
3937,3,1789 2061 298
3938,3,1789 2061 298
3939,3,1789 2061 298
3940,3,1789 2061 298
3941,3,1789 2061 298
3942,3,1789 2061 298
3943,3,1789 2061 298
3944,3,1789 2061 298
3945,3,1789 2061 298
3946,3,1789 2061 298
3947,3,1789 2061 298
3948,3,1789 2061 298
3949,3,1789 2061 298
3950,3,1789 2061 298
3951,3,1789 2061 298
3952,3,1789 2061 298
3953,3,1789 2061 298
3954,3,1789 2061 298
3955,3,1789 2061 298
3956,3,1789 2061 298
3957,3,1789 2061 298
3958,3,1789 2061 298
3959,3,1789 2061 298
3960,3,1789 2061 298
3961,3,1789 2061 298
3962,3,1789 2061 298
3963,3,1789 2061 298
3964,3,1789 2061 298
3965,3,1789 2061 298
3966,3,1789 2061 298
3967,3,1789 2061 298
3968,3,1789 2061 298
3969,3,1789 2061 298
3970,3,1789 2061 298
3971,3,1789 2061 298
3972,3,1789 2061 298
3973,3,1789 2061 298
3974,3,1789 2061 298
3975,3,1789 2061 298
3976,3,1789 2061 298
3977,2,1789 2061
3978,3,1789 2061 298
3979,3,1789 2061 298
3980,3,1789 2061 298
3981,3,1789 2061 298
3982,3,1789 2061 298
3983,3,1789 2061 298
3984,3,1789 2061 298
3985,3,1789 2061 298
3986,3,1789 2061 298
3987,3,1789 2061 298
3988,3,1789 2061 298
3989,3,1789 2061 298
3990,3,1789 2061 298
3991,3,1789 2061 298
3992,3,1789 2061 298
3993,3,1789 2061 298
3994,3,1789 2061 298
3995,3,1789 2061 298
3996,3,1789 2061 298
3997,3,1789 2061 298
3998,3,1789 2061 298
3999,3,1789 2061 298
4000,3,1789 2061 298
4001,3,1789 2061 298
4002,3,1789 2061 298
4003,3,1789 2061 298
4004,3,1789 2061 298
4005,3,1789 2061 298
4006,3,1789 2061 298
4007,3,1789 2061 298
4008,3,1789 2061 298
4009,3,1789 2061 298
4010,3,1789 2061 298
4011,3,1789 2061 298
4012,3,1789 2061 298
4013,3,1789 2061 298
4014,3,1789 2061 298
4015,3,1789 2061 298
4016,3,1789 2061 298
4017,3,1789 2061 298
4018,3,1789 2061 298
4019,2,1789 2061 298
4020,3,1789 2061 298
4021,3,1789 2061 298
4022,3,1789 2061 298
4023,3,1789 2061 298
4024,3,1789 2061 298
4025,3,1789 2061 298
4026,3,1789 2061 298
4027,3,1789 2061 298
4028,3,1789 2061 298
4029,3,1789 2061 298
4030,3,1789 2061 298
4031,3,1789 2061 298
4032,3,1789 2061 298
4033,3,1789 2061 298
4034,3,1789 2061 298
4035,3,1789 2061 298
4036,3,1789 2061 298
4037,3,1789 2061 298
4038,3,1789 2061 298
4039,3,1789 2061 298
4040,3,1789 2061 298
4041,3,1789 2061 298
4042,3,1789 2061 298
4043,3,1789 2061 298
4044,3,1789 2061 298
4045,3,1789 2061 298
4046,3,1789 2061 298
4047,3,1789 2061 298
4048,3,1789 2061 298
4049,3,1789 2061 298
4050,3,1789 2061 298
4051,3,1789 2061 298
4052,3,1789 2061 298
4053,3,1789 2061 298
4054,3,1789 2061 298
4055,3,1789 2061 298
4056,3,1789 2061 298
4057,3,1789 2061 298
4058,3,1789 2061 298
4059,3,1789 2061 298
4060,3,1789 2061 298
4061,3,1789 2061 298
4062,3,1789 2061 298
4063,3,1789 2061 298
4064,3,1789 2061 298
4065,3,1789 2061 298
4066,3,1789 2061 298
4067,3,1789 2061 298
4068,3,1789 2061 298
4069,3,1789 2061 298
4070,3,1789 2061 298
4071,3,1789 2061 298
4072,3,1789 2061 298
4073,3,1789 2061 298
4074,3,1789 2061 298
4075,3,1789 2061 298
4076,3,1789 2061 298
4077,3,1789 2061 298
4078,3,1789 2061 298
4079,3,1789 2061 298
4080,3,1789 2061 298
4081,3,1789 2061 298
4082,3,1789 2061 298
4083,3,1789 2061 298
4084,3,1789 2061 298
4085,3,1789 2061 298
4086,2,1789 298
4087,3,1789 2061 298
4088,2,1789 298
4089,2,1789 298
4090,2,1789 2061 298
4091,2,1789 298
4092,2,1789 298
4093,2,1789 298
4094,2,1789 298
4095,2,1789 298
4096,2,1789 298
4097,2,1789 298
4098,2,1789 298
4099,2,1789 298
4100,2,1789 298
4101,2,1789 298
4102,2,1789 298
4103,2,1789 298
4104,2,1789 298
4105,2,1789 298
4106,2,1789 298
4107,2,1789 298
4108,2,1789 298
4109,2,1789 298
4110,2,1789 298
4111,2,1789 298
4112,2,1789 298
4113,2,1789 298
4114,2,1789 298
4115,2,1789 298
4116,2,1789 298
4117,2,1789 298
4118,2,1789 298
4119,2,1789 298
4120,2,1789 298
4121,2,1789 298
4122,2,1789 298
4123,2,1789 298
4124,2,1789 298
4125,2,1789 298
4126,2,1789 298
4127,2,1789 298
4128,2,1789 298
4129,2,1789 298
4130,2,1789 298
4131,2,1789 298
4132,2,1789 298
4133,2,1789 298
4134,2,1789 298
4135,2,1789 298
4136,2,1789 298
4137,2,1789 298
4138,2,1789 298
4139,2,1789 298
4140,2,1789 298
4141,2,1789 298
4142,2,1789 298
4143,2,1789 298
4144,2,1789 298
4145,2,1789 298
4146,2,1789 298
4147,2,1789 298
4148,2,1789 298
4149,2,1789 298
4150,2,1789 298
4151,2,1789 298
4152,2,1789 298
4153,2,1789 298
4154,2,1789 298
4155,2,1789 298
4156,2,1789 298
4157,2,1789 298
4158,2,1789 298
4159,2,1789 298
4160,2,1789 298
4161,2,1789 298
4162,2,1789 298
4163,2,1789 298
4164,2,1789 298
4165,2,1789 298
4166,2,1789 298
4167,2,1789 298
4168,2,1789 298
4169,2,1789 298
4170,2,1789 298
4171,2,1789 298
4172,2,1789 298
4173,2,1789 298
4174,2,1789 298
4175,2,1789 298
4176,2,1789 298
4177,2,1789 298
4178,2,1789 298
4179,2,1789 298
4180,2,1789 298
4181,2,1789 298
4182,2,1789 298
4183,2,1789 298
4184,2,1789 298
4185,2,1789 298
4186,2,1789 298
4187,2,1789 298
4188,2,1789 298
4189,2,1789 298
4190,2,1789 298
4191,2,1789 298
4192,2,1789 298
4193,2,1789 298
4194,2,1789 298
4195,2,1789 298
4196,2,1789 298
4197,2,1789 298
4198,2,1789 298
4199,2,1789 298
4200,2,1789 298
4201,2,1789 298
4202,2,1789 298
4203,2,1789 298
4204,2,1789 298
4205,2,1789 298
4206,2,1789 298
4207,2,1789 298
4208,2,1789 298
4209,2,1789 298
4210,2,1789 298
4211,2,1789 298
4212,2,1789 298
4213,2,1789 298
4214,2,1789 298
4215,2,1789 298
4216,2,1789 298
4217,2,1789 298
4218,2,1789 298
4219,2,1789 298
4220,2,1789 298
4221,2,1789 298
4222,2,1789 298
4223,2,1789 298
4224,2,1789 298
4225,2,1789 298
4226,2,1789 298
4227,2,1789 298
4228,2,1789 298
4229,2,1789 298
4230,2,1789 298
4231,2,1789 298
4232,2,1789 298
4233,2,1789 298
4234,2,1789 298
4235,2,1789 298
4236,2,1789 298
4237,2,1789 298
4238,2,1789 298
4239,2,1789 298
4240,2,1789 298
4241,2,1789 298
4242,2,1789 298
4243,2,1789 298
4244,2,1789 298
4245,2,1789 298
4246,2,1789 298
4247,2,1789 298
4248,2,1789 298
4249,2,1789 298
4250,2,1789 298
4251,2,1789 298
4252,2,1789 298
4253,2,1789 298
4254,2,1789 298
4255,2,1789 298
4256,2,1789 298
4257,2,1789 298
4258,2,1789 298
4259,2,1789 298
4260,2,1789 298
4261,2,1789 298
4262,2,1789 298
4263,2,1789 298
4264,2,1789 298
4265,2,1789 298
4266,2,1789 298
4267,2,1789 298
4268,2,1789 298
4269,2,1789 298
4270,2,1789 298
4271,2,1789 298
4272,2,1789 298
4273,2,1789 298
4274,2,1789 298
4275,2,1789 298
4276,2,1789 298
4277,2,1789 298
4278,2,1789 298
4279,2,1789 298
4280,2,1789 298
4281,2,1789 298
4282,2,1789 298
4283,2,1789 298
4284,2,1789 298
4285,2,1789 298
4286,2,1789 298
4287,2,1789 298
4288,2,1789 298
4289,2,1789 298
4290,2,1789 298
4291,2,1789 298
4292,2,1789 298
4293,2,1789 298
4294,2,1789 298
4295,2,1789 298
4296,2,1789 298
4297,2,1789 298
4298,2,1789 298
4299,2,1789 298
4300,2,1789 298
4301,2,1789 298
4302,2,1789 298
4303,2,1789 298
4304,2,1789 298
4305,2,1789 298
4306,2,1789 298
4307,2,1789 298
4308,2,1789 298
4309,2,1789 298
4310,2,1789 298
4311,2,1789 298
4312,2,1789 298
4313,2,1789 298
4314,2,1789 298
4315,2,1789 298
4316,2,1789 298
4317,2,1789 298
4318,2,1789 298
4319,2,1789 298
4320,2,1789 298
4321,2,1789 298
4322,2,1789 298
4323,2,1789 298
4324,2,1789 298
4325,2,1789 298
4326,2,1789 298
4327,2,1789 298
4328,2,1789 298
4329,2,1789 298
4330,2,1789 298
4331,2,1789 298
4332,2,1789 298
4333,2,1789 298
4334,2,1789 298
4335,2,1789 298
4336,2,1789 298
4337,2,1789 298
4338,2,1789 298
4339,2,1789 298
4340,2,1789 298
4341,2,1789 298
4342,2,1789 298
4343,2,1789 298
4344,2,1789 298
4345,2,1789 298
4346,2,1789 298
4347,2,1789 298
4348,2,1789 298
4349,2,1789 298
4350,2,1789 298
4351,2,1789 298
4352,2,1789 298
4353,2,1789 298
4354,2,1789 298
4355,2,1789 298
4356,2,1789 298
4357,2,1789 298
4358,2,1789 298
4359,2,1789 298
4360,2,1789 298
4361,2,1789 298
4362,2,1789 298
4363,2,1789 298
4364,2,1789 298
4365,2,1789 298
4366,2,1789 298
4367,2,1789 298
4368,2,1789 298
4369,2,1789 298
4370,2,1789 298
4371,2,1789 298
4372,2,1789 298
4373,2,1789 298
4374,2,1789 298
4375,2,1789 298
4376,2,1789 298
4377,2,1789 298
4378,2,1789 298
4379,2,1789 298
4380,2,1789 298
4381,2,1789 298
4382,2,1789 298
4383,2,1789 298
4384,2,1789 298
4385,2,1789 298
4386,2,1789 298
4387,2,1789 298
4388,2,1789 298
4389,2,1789 298
4390,2,1789 298
4391,2,1789 298
4392,2,1789 298
4393,2,1789 298
4394,2,1789 298
4395,2,1789 298
4396,2,1789 298
4397,2,1789 298
4398,2,1789 298
4399,2,1789 298
4400,2,1789 298
4401,2,1789 298
4402,2,1789 298
4403,2,1789 298
4404,2,1789 298
4405,2,1789 298
4406,2,1789 298
4407,2,1789 298
4408,2,1789 298
4409,2,1789 298
4410,2,1789 298
4411,2,1789 298
4412,2,1789 298
4413,2,1789 298
4414,2,1789 298
4415,2,1789 298
4416,2,1789 298
4417,2,1789 298
4418,2,1789 298
4419,2,1789 298
4420,2,1789 298
4421,2,1789 298
4422,2,1789 298
4423,2,1789 298
4424,2,1789 298
4425,2,1789 298
4426,2,1789 298
4427,2,1789 298
4428,2,1789 298
4429,2,1789 298
4430,2,1789 298
4431,2,1789 298
4432,2,1789 298
4433,2,1789 298
4434,2,1789 298
4435,2,1789 298
4436,2,1789 298
4437,2,1789 298
4438,2,1789 298
4439,2,1789 298
4440,2,1789 298
4441,2,1789 298
4442,2,1789 298
4443,2,1789 298
4444,2,1789 298
4445,2,1789 298
4446,2,1789 298
4447,2,1789 298
4448,2,1789 298
4449,2,1789 298
4450,2,1789 298
4451,2,1789 298
4452,2,1789 298
4453,2,1789 298
4454,2,1789 298
4455,2,1789 298
4456,2,1789 298
4457,2,1789 298
4458,2,1789 298
4459,2,1789 298
4460,2,1789 298
4461,2,1789 298
4462,2,1789 298
4463,2,1789 298
4464,2,1789 298
4465,2,1789 298
4466,2,1789 298
4467,2,1789 298
4468,2,1789 298
4469,2,1789 298
4470,2,1789 298
4471,2,1789 298
4472,2,1789 298
4473,2,1789 298
4474,2,1789 298
4475,2,1789 298
4476,2,1789 298
4477,2,1789 298
4478,2,1789 298
4479,2,1789 298
4480,2,1789 298
4481,2,1789 298
4482,2,1789 298
4483,2,1789 298
4484,2,1789 298
4485,2,1789 298
4486,2,1789 298
4487,2,1789 298
4488,2,1789 298
4489,2,1789 298
4490,2,1789 298
4491,2,1789 298
4492,2,1789 298
4493,2,1789 298
4494,2,1789 298
4495,2,1789 298
4496,2,1789 298
4497,2,1789 298
4498,2,1789 298
4499,2,1789 298
4500,2,1789 298
4501,2,1789 298
4502,2,1789 298
4503,2,1789 298
4504,2,1789 298
4505,2,1789 298
4506,2,1789 298
4507,2,1789 298
4508,2,1789 298
4509,2,1789 298
4510,2,1789 298
4511,2,1789 298
4512,2,1789 298
4513,2,1789 298
4514,2,1789 298
4515,2,1789 298
4516,2,1789 298
4517,2,1789 298
4518,2,1789 298
4519,1,298
4520,1,298
4521,1,298
4522,1,298
4523,1,298
4524,1,298
4525,1,298
4526,1,298
4527,1,298
4528,1,298
4529,1,298
4530,1,298
4531,1,298
4532,1,298
4533,1,298
4534,1,298
4535,1,298
4536,1,298
4537,1,298
4538,1,298
4539,1,298
4540,1,298
4541,1,298
4542,1,298
4543,1,298
4544,1,298
4545,1,298
4546,1,298
4547,1,298
4548,1,298
4549,1,298
4550,1,298
4551,1,298
4552,1,298
4553,1,298
4554,1,298
4555,1,298
4556,1,298
4557,1,298
4558,1,298
4559,1,298
4560,1,298
4561,1,298
4562,1,298
4563,1,298
4564,1,298
4565,1,298
4566,1,298
4567,1,298
4568,1,298
4569,1,298
4570,1,298
4571,1,298
4572,2,1861 298
4573,2,1861 298
4574,2,1861 298
4575,2,1861 298
4576,1,298
4577,2,1861 298
4578,2,1861 298
4579,1,298
4580,1,298
4581,1,298
4582,1,298
4583,1,298
4584,1,298
4585,1,298
4586,1,298
4587,1,298
4588,1,298
4589,1,298
4590,1,298
4591,1,298
4592,1,298
4593,1,298
4594,1,298
4595,1,298
4596,1,298
4597,1,298
4598,1,298
4599,1,298
4600,1,298
4601,1,298
4602,1,298
4603,1,298
4604,1,298
4605,1,298
4606,1,298
4607,1,298
4608,1,298
4609,1,298
4610,1,298
4611,1,298
4612,1,298
4613,1,298
4614,1,298
4615,1,298
4616,1,298
4617,1,298
4618,1,298
4619,1,298
4620,1,298
4621,1,298
4622,1,298
4623,1,298
4624,1,298
4625,1,298
4626,1,298
4627,1,298
4628,1,298
4629,1,298
4630,1,298
4631,1,298
4632,1,298
4633,1,298
4634,1,298
4635,1,298
4636,1,298
4637,1,298
4638,1,298
4639,1,298
4640,1,298
4641,1,298
4642,1,298
4643,1,298
4644,1,298
4645,1,298
4646,1,298
4647,1,298
4648,2,298 3744
4649,2,298 3744
4650,2,298 3744
4651,2,298 3744
4652,2,298 3744
4653,2,298 3744
4654,2,298 3744
4655,2,298 3744
4656,2,298 3744
4657,2,298 3744
4658,2,298 3744
4659,2,298 3744
4660,2,298 3744
4661,2,298 3744
4662,2,298 3744
4663,2,298 3744
4664,2,298 3744
4665,2,298 3744
4666,2,298 3744
4667,2,298 3744
4668,2,298 3744
4669,2,298 3744
4670,2,298 3744
4671,2,298 3744
4672,2,298 3744
4673,2,298 3744
4674,2,298 3744
4675,2,298 3744
4676,2,298 3744
4677,2,298 3744
4678,2,298 3744
4679,2,298 3744
4680,2,298 3744
4681,2,298 3744
4682,2,298 3744
4683,2,298 3744
4684,2,298 3744
4685,2,298 3744
4686,2,298 3744
4687,2,298 3744
4688,2,298 3744
4689,2,298 3744
4690,2,298 3744
4691,2,298 3744
4692,2,298 3744
4693,2,298 3744
4694,2,298 3744
4695,2,298 3744
4696,2,298 3744
4697,2,298 3744
4698,2,298 3744
4699,2,298 3744
4700,2,298 3744
