20,13.554980116735543
21,7.4034719848433035
22,12.218928194937249
23,15.887872988695026
24,11.233040686431263
25,6.6750615851944195
26,13.266959726886817
27,15.11575589002141
28,8.972687807414188
29,7.530367932918289
30,13.708380690004603
31,13.199801909400843
32,6.503790782818577
33,9.286935669147681
34,14.202926913618942
35,11.24529356682196
36,5.240600914808162
37,11.54143945750889
38,15.066146810990917
39,10.43148690189202
40,6.830358889766984
41,13.80672474264715
42,15.78181697630811
43,10.09044720311276
44,8.287061046156884
45,14.904708095575772
46,14.22122593120088
47,7.199957986599992
48,8.969870860620619
49,14.240711099699626
50,10.407221665142334
51,4.794719751787995
52,11.609134933692973
53,13.178494173043962
54,6.497403380617636
55,8.23540206731767
56,13.74924722482269
57,10.422786580557247
58,5.104321977250748
59,12.082320346810008
60,14.045726066178972
61,7.692467251708634
62,8.821225470484409
185,26.722016155284024
186,19.3505040571232
187,18.95620318098055
188,16.08996855108513
189,22.24626662152819
190,20.81651346444907
191,14.211928835045462
192,18.034442220800244
193,23.463731534289114
194,19.412059992423448
195,14.996099178544814
196,21.517362484900254
197,24.207243021096964
198,18.262102208027148
199,17.1659877880452
200,24.194204158324787
201,24.151027756783897
202,17.483795288384126
203,19.92886089402629
204,25.70090415348749
205,22.610183050188734
206,15.87119789987322
207,19.19644323773893
208,23.108453412179518
209,18.66384645390743
210,12.736576547642116
211,17.641684015555803
212,19.958993323236268
213,13.731644826119403
214,10.557692182174097
215,16.643083227966688
216,17.624348677652083
217,11.044174413943582
218,9.609792479384868
219,16.58449851607411
220,15.019988164440703
221,9.562063846114215
222,16.264607548552394
223,19.104838647325238
224,13.29967839355496
225,14.063429435799767
226,20.896607213232045
232,18.055200542456475
233,25.271245871369477
234,23.394988345501744
235,28.75662915890977
236,24.802412362954637
237,21.79838209209665
238,19.951070280407414
239,17.8881117418191
240,23.357759545013057
241,24.518492547904263
242,27.299754286425777
243,20.86051492153247
244,18.67932199216237
245,20.99800767500762
246,14.931997837605573
247,11.750529019248951
248,18.368049181657817
249,18.384773621084157
250,11.332617359528564
251,12.889400108370474
252,18.601010588848627
253,15.707677894164648
254,9.298761700703945
255,14.675338068924184
256,17.435649660999694
257,11.478044590658532
258,9.25249728072401
259,15.895437473434786
260,15.03629867092965
261,7.87728261932517
262,11.487447216269684
263,16.246428414319467
264,11.27023359252746
265,7.753947384199175
266,15.001727613695216
267,15.252714741874508
268,8.356119464517487
269,11.680565718153181
